      1.5739455852146610E-03    6.1539808856634778E-02    1.0051094027067323E-09    8.6988297109155416E+07    6.9603184840121810E-05
      1.5968391509250449E-03    6.4241104802526761E-02    1.0956820507894299E-09    8.6956752597892895E+07    7.5875282931118083E-05
      1.6200657112166008E-03    6.7060033995917770E-02    1.1943996502870617E-09    8.6924000564221978E+07    8.2711413710815498E-05
      1.6436301096070438E-03    7.0001643532136226E-02    1.3019925122350215E-09    8.6890000289422363E+07    9.0162150752449378E-05
      1.6675372600646770E-03    7.3071191778575559E-02    1.4192561715608077E-09    8.6854710669373587E+07    9.8282584342168001E-05
      1.6917921480331182E-03    7.6274156825364176E-02    1.5470571817017902E-09    8.6818090161101878E+07    1.0713272275261578E-04
      1.7163998314709326E-03    7.9616245225738846E-02    1.6863394193186810E-09    8.6780096710350275E+07    1.1677792884031850E-04
      1.7413654419063864E-03    8.3103401033228941E-02    1.8381309441590345E-09    8.6740687664331138E+07    1.2728939508685380E-04
      1.7666941855075436E-03    8.6741815133842173E-02    2.0035514619473491E-09    8.6699819664173871E+07    1.3874466039922912E-04
      1.7923913441679267E-03    9.0537934863819045E-02    2.1838204423683760E-09    8.6657448507247537E+07    1.5122817227504633E-04
      1.8184622766079673E-03    9.4498473921849707E-02    2.3802659488643456E-09    8.6613528990626544E+07    1.6483189826032582E-04
      1.8449124194924822E-03    9.8630422578028634E-02    2.5943342405286693E-09    8.6568014739308789E+07    1.7965599087451902E-04
      1.8717472885643974E-03    1.0294105817442917E-01    2.8276002153811403E-09    8.6520858016685545E+07    1.9580951080065294E-04
      1.8989724797949684E-03    1.0743795592082200E-01    3.0817787622376869E-09    8.6472009523947656E+07    2.1341121299506746E-04
      1.9265936705507262E-03    1.1212899997307653E-01    3.3587371040322464E-09    8.6421418182157487E+07    2.3259040145457986E-04
      1.9546166207773997E-03    1.1702239478437557E-01    3.6605082124563615E-09    8.6369030896083236E+07    2.5348785817171760E-04
      1.9830471742010576E-03    1.2212667674600305E-01    3.9893053880006971E-09    8.6314792319913775E+07    2.7625685279329096E-04
      2.0118912595467218E-03    1.2745072480081832E-01    4.3475380587717337E-09    8.6258643737481982E+07    3.0106423667836856E-04
      2.0411548917747052E-03    1.3300377839005922E-01    4.7378291896650583E-09    8.6200526743880302E+07    3.2809164847242032E-04
      2.0708441733349298E-03    1.3879545262524021E-01    5.1630341157116437E-09    8.6140384069990665E+07    3.5753681830453073E-04
      2.1009652954395055E-03    1.4483574701129240E-01    5.6262607565048811E-09    8.6078156076665848E+07    3.8961496762357343E-04
      2.1315245393537866E-03    1.5113506009861372E-01    6.1308917750091572E-09    8.6013781208928376E+07    4.2456034368156703E-04
      2.1625282777062381E-03    1.5770420416776637E-01    6.6806086396566893E-09    8.5947196143856421E+07    4.6262788581852819E-04
      2.1939829758173416E-03    1.6455442041001198E-01    7.2794177702079771E-09    8.5878335947181106E+07    5.0409503604662616E-04
      2.2258951930478298E-03    1.7169739460819564E-01    7.9316789444985414E-09    8.5807134231453866E+07    5.4926370619926977E-04
      2.2582715841665347E-03    1.7914527342614009E-01    8.6421361646564958E-09    8.5733523360086411E+07    5.9846241539698050E-04
      2.2911189007381290E-03    1.8691068137120262E-01    9.4159511936934996E-09    8.5657434706251800E+07    6.5204861243491822E-04
      2.3244439925310563E-03    1.9500673847153610E-01    1.0258739995231851E-08    8.5578798959892958E+07    7.1041119921073242E-04
      2.3582538089459352E-03    2.0344707872817383E-01    1.1176612325560827E-08    8.5497546482975423E+07    7.7397327244920345E-04
      2.3925554004647445E-03    2.1224586939673717E-01    1.2176214754080964E-08    8.5413607707777530E+07    8.4319510284055859E-04
      2.4273559201210856E-03    2.2141781632015262E-01    1.3264776509813517E-08    8.5326907855142534E+07    9.1857730988200196E-04
      2.4626626249918274E-03    2.3097815102071814E-01    1.4450157942553188E-08    8.5237356057305932E+07    1.0006642177816201E-03
      2.4984828777104549E-03    2.4094264672981064E-01    1.5740904632477398E-08    8.5144847414242744E+07    1.0900476025143002E-03
      2.5348241480024213E-03    2.5132764031926541E-01    1.7146306383362227E-08    8.5049266771775559E+07    1.1873707770642943E-03
      2.5716940142428402E-03    2.6215002374955459E-01    1.8676459036880508E-08    8.4950481883534342E+07    1.2933328720259221E-03
      2.6091001650368219E-03    2.7342726042784754E-01    2.0342332963404532E-08    8.4848346192061067E+07    1.4086935785479588E-03
      2.6470504008228308E-03    2.8517741264660229E-01    2.2155848044671020E-08    8.4742704552834675E+07    1.5342783408353433E-03
      2.6855526354993054E-03    2.9741915116008594E-01    2.4129953548972548E-08    8.4633392736725181E+07    1.6709838874552196E-03
      2.7246148980749922E-03    3.1017176335280328E-01    2.6278714349695023E-08    8.4520236869557023E+07    1.8197842019156475E-03
      2.7642453343432599E-03    3.2345515973474365E-01    2.8617403936650433E-08    8.4403052808721066E+07    1.9817369636410502E-03
      2.8044522085807697E-03    3.3728987837062618E-01    3.1162604665306163E-08    8.4281645432951719E+07    2.1579904901673831E-03
      2.8452439052708551E-03    3.5169711360618006E-01    3.3932318320293741E-08    8.4155814240507022E+07    2.3497913935945683E-03
      2.8866289308519676E-03    3.6669874150994430E-01    3.6946085482443341E-08    8.4025357131335884E+07    2.5584928466774754E-03
      2.9286159154915553E-03    3.8231730819841742E-01    4.0225110833743649E-08    8.3890065321961403E+07    2.7855632601144426E-03
      2.9712136148857429E-03    3.9857601890161415E-01    4.3792398125506183E-08    8.3749719868356660E+07    3.0325956290065395E-03
      3.0144309120851863E-03    4.1549874891144101E-01    4.7672897948969739E-08    8.3604093788643330E+07    3.3013177658776454E-03
      3.0582768193474900E-03    4.3311009444097204E-01    5.1893671983110583E-08    8.3452961766323447E+07    3.5936036747305049E-03
      3.1027604800165642E-03    4.5143541624924916E-01    5.6484070133794201E-08    8.3296106453513056E+07    3.9114858178199673E-03
      3.1478911704293172E-03    4.7050081060146282E-01    6.1475912919340946E-08    8.3133310500782728E+07    4.2571677457370373E-03
      3.1936783018500850E-03    4.9033306911323388E-01    6.6903685836045153E-08    8.2964348746241122E+07    4.6330375570970660E-03
      3.2401314224331963E-03    5.1095966686793315E-01    7.2804751667441494E-08    8.2788987204038799E+07    5.0416826008209768E-03
      3.2872602192140820E-03    5.3240874709601405E-01    7.9219578203186153E-08    8.2606982234685570E+07    5.4859052455225009E-03
      3.3350745201293479E-03    5.5470910437353804E-01    8.6191982632360993E-08    8.2418080219676703E+07    5.9687398035885540E-03
      3.3835842960662278E-03    5.7789016499650547E-01    9.3769393500428237E-08    8.2222017482852623E+07    6.4934706715312138E-03
      3.4327996629418562E-03    6.0198196148278171E-01    1.0200313081232154E-07    8.2018520038285926E+07    7.0636517269480562E-03
      3.4827308838127637E-03    6.2701510312511544E-01    1.1094870562651927E-07    8.1807303529079825E+07    7.6831270752205829E-03
      3.5333883710150786E-03    6.5302072344352580E-01    1.2066613670557500E-07    8.1588070978458449E+07    8.3560529773614133E-03
      3.5847826883358444E-03    6.8003040006124449E-01    1.3122028348081664E-07    8.1360508533396423E+07    9.0869209076072707E-03
      3.6369245532159255E-03    7.0807613802304004E-01    1.4268121343235053E-07    8.1124290376038834E+07    9.8805829942498515E-03
      3.6898248389849544E-03    7.3719045077803080E-01    1.5512461605729169E-07    8.0879094072300017E+07    1.0742280686671641E-02
      3.7434945771287849E-03    7.6740633975821315E-01    1.6863222759946854E-07    8.0624602249108300E+07    1.1677674167606988E-02
      3.7979449595899272E-03    7.9875709854125543E-01    1.8329224567824447E-07    8.0360486711142302E+07    1.2692871065923433E-02
      3.8531873411014423E-03    8.3127611079597008E-01    1.9919976389542717E-07    8.0086396486619771E+07    1.3794456552872888E-02
      3.9092332415547890E-03    8.6499688769075145E-01    2.1645728807984623E-07    7.9801971938402176E+07    1.4989529091699259E-02
      3.9660943484021056E-03    8.9995317475077719E-01    2.3517530777775361E-07    7.9506862716218382E+07    1.6285740012984041E-02
      4.0237825190934332E-03    9.3617890213398547E-01    2.5547287040103270E-07    7.9200728869849443E+07    1.7691333274043462E-02
      4.0823097835494000E-03    9.7370773691308732E-01    2.7747807868024108E-07    7.8883209966362238E+07    1.9215179907234307E-02
      4.1416883466698562E-03    1.0125728226277515E+00    3.0132865532246862E-07    7.8553917104456395E+07    2.0866817122150331E-02
      4.2019305908790076E-03    1.0528069467528804E+00    3.2717266117148267E-07    7.8212460106729567E+07    2.2656498037754075E-02
      4.2630490787075696E-03    1.0944424586851997E+00    3.5516918943738827E-07    7.7858451677002907E+07    2.4595239757337899E-02
      4.3250565554124728E-03    1.1375111204875152E+00    3.8548907727618503E-07    7.7491506888075501E+07    2.6694872644954300E-02
      4.3879659516346762E-03    1.1820439364891442E+00    4.1831564569765253E-07    7.7111242309087515E+07    2.8968091563564863E-02
      4.4517903860956526E-03    1.2280710599222866E+00    4.5384550295780532E-07    7.6717281095747784E+07    3.1428511509455193E-02
      4.5165431683330615E-03    1.2756219157710915E+00    4.9228947441086420E-07    7.6309270698878333E+07    3.4090732003890629E-02
      4.5822378014762502E-03    1.3247254352220879E+00    5.3387364363415428E-07    7.5886903331846178E+07    3.6970409190351175E-02
      4.6488879850621039E-03    1.3754099531565500E+00    5.7884033443124952E-07    7.5449913161463439E+07    4.0084323837622698E-02
      4.7165076178918618E-03    1.4277024460581778E+00    6.2744885592524627E-07    7.4998039421843410E+07    4.3450432937030714E-02
      4.7851108009294811E-03    1.4816277889244533E+00    6.7997623669365977E-07    7.4530999762108102E+07    4.7087920540813587E-02
      4.8547118402421626E-03    1.5372083694027432E+00    7.3671809979488884E-07    7.4048488435845256E+07    5.1017258357146877E-02
      4.9253252499836470E-03    1.5944636685001001E+00    7.9798952638576203E-07    7.3550175001287252E+07    5.5260265555107435E-02
      4.9969657554209020E-03    1.6534098070962664E+00    8.6412589696671631E-07    7.3035703542497337E+07    5.9840167020365230E-02
      5.0696482960048347E-03    1.7140592668736772E+00    9.3548381250741860E-07    7.2504701266536117E+07    6.4781657142544982E-02
      5.1433880284856718E-03    1.7764206928283246E+00    1.0124420614644172E-06    7.1956790106862724E+07    7.0110966780581471E-02
      5.2182003300736447E-03    1.8404982373015455E+00    1.0954023198068647E-06    7.1391579318060398E+07    7.5855911739054246E-02
      5.2941008016456625E-03    1.9062904543665979E+00    1.1847895018547416E-06    7.0808644725339562E+07    8.2045917063510776E-02
      5.3711052709986117E-03    1.9737890586575424E+00    1.2810518616708629E-06    7.0207510145715117E+07    8.8712024061798150E-02
      5.4492297961499844E-03    2.0429783982734082E+00    1.3846613667115772E-06    6.9587660186628610E+07    9.5886916179135695E-02
      5.5284906686865155E-03    2.1138354022350727E+00    1.4961142779785083E-06    6.8948568184111148E+07    1.0360495917325278E-01
      5.6089044171615358E-03    2.1863288679938790E+00    1.6159311836851757E-06    6.8289699109207392E+07    1.1190220344578092E-01
      5.6904878105417060E-03    2.2604185948518056E+00    1.7446567177932239E-06    6.7610509162135974E+07    1.2081636455106720E-01
      5.7732578617039308E-03    2.3360548624920305E+00    1.8828592933670495E-06    6.6910457372663714E+07    1.3038680473115236E-01
      5.8572318309831062E-03    2.4131778701637874E+00    2.0311305707571230E-06    6.6189015256565459E+07    1.4065449608780500E-01
      5.9424272297714797E-03    2.4917169883206061E+00    2.1900844881583067E-06    6.5445670921871230E+07    1.5166195344930397E-01
      6.0288618241703673E-03    2.5715900935363294E+00    2.3603560124036497E-06    6.4679935838924512E+07    1.6345314786370535E-01
      6.1165536386949756E-03    2.6527031854160508E+00    2.5425997737552526E-06    6.3891358211030565E+07    1.7607341205898097E-01
      6.2055209600331233E-03    2.7349499975436165E+00    2.7374883241699987E-06    6.3079534176006049E+07    1.8956931982903183E-01
      6.2957823408586293E-03    2.8182111013938380E+00    2.9457094476369638E-06    6.2244105979707032E+07    2.0398849977626954E-01
      6.3873566037001648E-03    2.9023529258169050E+00    3.1679627718629658E-06    6.1384759536416166E+07    2.1937940067300266E-01
      6.4802628448663866E-03    2.9872270206040725E+00    3.4049559434698225E-06    6.0501228281946376E+07    2.3579102659628712E-01
      6.5745204384281587E-03    3.0726702293041055E+00    3.6574011615592406E-06    5.9593314448164865E+07    2.5327269687950643E-01
      6.6701490402586907E-03    3.1585055862156586E+00    3.9260120706649278E-06    5.8660919012903959E+07    2.7187383095128809E-01
      6.7671685921324564E-03    3.2445411637704162E+00    4.2114976301597042E-06    5.7704027609854192E+07    2.9164352379585728E-01
      6.8655993258837133E-03    3.3305669765691444E+00    4.5145522876777299E-06    5.6722666081582397E+07    3.1262986546879618E-01
      6.9654617676255283E-03    3.4163535269276477E+00    4.8358465875333284E-06    5.5716893529964969E+07    3.3487929073603917E-01
      7.0667767420301572E-03    3.5016517875013560E+00    5.1760183441610020E-06    5.4686820096991599E+07    3.5843596784022635E-01
      7.1695653766716888E-03    3.5861915702196776E+00    5.5356601513316915E-06    5.3632596760558851E+07    3.8334093352189824E-01
      7.2738491064318388E-03    3.6696810533993984E+00    5.9153068601161941E-06    5.2554424478032552E+07    4.0963122587645279E-01
      7.3796496779698975E-03    3.7518082624921645E+00    6.3154246435182023E-06    5.1452588181771740E+07    4.3733912708695971E-01
      7.4869891542575584E-03    3.8322419971888415E+00    6.7363981242752459E-06    5.0327474953332230E+07    4.6649127203258939E-01
      7.5958899191798414E-03    3.9106372831398013E+00    7.1785245831535729E-06    4.9179643598439299E+07    4.9710824721672831E-01
      7.7063746822028725E-03    3.9866433061730260E+00    7.6420136774623244E-06    4.8009904940488204E+07    5.2920457127426523E-01
      7.8184664831095659E-03    4.0598991947339558E+00    8.1269650472023081E-06    4.6819238054694027E+07    5.6278714421168208E-01
      7.9321886968041957E-03    4.1300266397286265E+00    8.6333358777508748E-06    4.5608686967264697E+07    5.9785300114367779E-01
      8.0475650381868526E-03    4.1966462696803362E+00    9.1609546029421330E-06    4.4379530799344853E+07    6.3439026122272979E-01
      8.1646195670987860E-03    4.2593490942149277E+00    9.7094381132074471E-06    4.3132954091565520E+07    6.7237239435564855E-01
      8.2833766933396984E-03    4.3176965135294791E+00    1.0278160292121341E-05    4.1870071765036315E+07    7.1175604237945533E-01
      8.4038611817580013E-03    4.3712366537959406E+00    1.0866255498028058E-05    4.0592101602357931E+07    7.5248126016180072E-01
      8.5260981574151254E-03    4.4195163629283973E+00    1.1472618904299600E-05    3.9300455959119149E+07    7.9447153916361635E-01
      8.6501131108249318E-03    4.4620753412115342E+00    1.2095862712505220E-05    3.7996655132744938E+07    8.3763077522904039E-01
      8.7759319032693454E-03    4.4984442525310016E+00    1.2734277682237176E-05    3.6682289683022752E+07    8.8184060455039581E-01
      8.9035807721912965E-03    4.5281530848944040E+00    1.3385820160558256E-05    3.5359068827051565E+07    9.2695950546570749E-01
      9.0330863366661143E-03    4.5507370119100887E+00    1.4048094479146076E-05    3.4028835094854459E+07    9.7282157947217618E-01
      9.1644756029524918E-03    4.5657417002169671E+00    1.4718335347623943E-05    3.2693567080983222E+07    1.0192353319755745E+00
      9.2977759701242009E-03    4.5727292581318633E+00    1.5393394209625839E-05    3.1355381048858918E+07    1.0659827274564522E+00
      9.4330152357837167E-03    4.5712848228493659E+00    1.6069730727159925E-05    3.0016531131810088E+07    1.1128185997677418E+00
      9.5702216018589466E-03    4.5610212305915372E+00    1.6743401333641778E-05    2.8679391915543213E+07    1.1594698594396151E+00
      9.7094236804843095E-03    4.5415870037322383E+00    1.7410063835542969E-05    2.7346459613093466E+07    1.2056358123407100E+00
      9.8506504999672766E-03    4.5126780041351662E+00    1.8065003635149965E-05    2.6020368438437816E+07    1.2509899755874538E+00
      9.9939315108417866E-03    4.4738429134544599E+00    1.8702304543404334E-05    2.4702758454103328E+07    1.2951226568622991E+00
      1.0139296592009652E-02    4.4244853522006329E+00    1.9314680672085829E-05    2.3394464453421436E+07    1.3375293130546626E+00
      1.0286776056971326E-02    4.3646316435048433E+00    1.9896780931137218E-05    2.2099557014660425E+07    1.3778393845922765E+00
      1.0436400660147272E-02    4.2946104114611980E+00    2.0444160678980215E-05    2.0823099257590443E+07    1.4157450828816913E+00
      1.0588201603291308E-02    4.2145067820000230E+00    2.0950886240244935E-05    1.9568339699729212E+07    1.4508355046894490E+00
      1.0742210541997204E-02    4.1244986052447707E+00    2.1410990926409772E-05    1.8338508388446372E+07    1.4826974606423986E+00
      1.0898459592299951E-02    4.0248557712244208E+00    2.1818541499623143E-05    1.7136763165536966E+07    1.5109200778049452E+00
      1.1056981337373022E-02    3.9158984654872913E+00    2.2167483933855814E-05    1.5965977771036197E+07    1.5350841187372586E+00
      1.1217808834323061E-02    3.7980342797574549E+00    2.2451907785816426E-05    1.4828888620555433E+07    1.5547802890124960E+00
      1.1380975621083403E-02    3.6718077493867289E+00    2.2666449867894533E-05    1.3728253256217461E+07    1.5696371913105478E+00
      1.1546515723407853E-02    3.5378511779056523E+00    2.2806157613962522E-05    1.2666613926264811E+07    1.5793118635869987E+00
      1.1714463661966204E-02    3.3968701455643493E+00    2.2866530925120126E-05    1.1646234860532552E+07    1.5834926768642368E+00
      1.1884854459542953E-02    3.2496646795838808E+00    2.2843805249901608E-05    1.0669173416531149E+07    1.5819189383551833E+00
      1.2057723648340726E-02    3.0971250877786760E+00    2.2735106333307165E-05    9.7372561662409380E+06    1.5743916077349847E+00
      1.2233107277389941E-02    2.9402129610209342E+00    2.2538507463329780E-05    8.8520174694855306E+06    1.5607772614264688E+00
      1.2411041920066238E-02    2.7799467818330705E+00    2.2253111492218691E-05    8.0146688325936627E+06    1.5410137725203092E+00
      1.2591564681717236E-02    2.6174061361133916E+00    2.1879282069891887E-05    7.2261311815677043E+06    1.5151263235413044E+00
      1.2774713207400307E-02    2.4537284763520089E+00    2.1418838913290043E-05    6.4870441473848000E+06    1.4832409287265489E+00
      1.2960525689732752E-02    2.2900081167810007E+00    2.0874384383740329E-05    5.7975299033708405E+06    1.4455377999375454E+00
      1.3149040876856297E-02    2.1273546757435686E+00    2.0249931933201872E-05    5.1574081610391624E+06    1.4022948661617314E+00
      1.3340298080517361E-02    1.9668634871044255E+00    1.9550806451094022E-05    4.5661633554648533E+06    1.3538808725939186E+00
      1.3534337184264889E-02    1.8095905060421709E+00    1.8783535785483996E-05    4.0229363434027676E+06    1.3007478685477507E+00
      1.3731198651767402E-02    1.6565324468041316E+00    1.7955741967948327E-05    3.5265368289550077E+06    1.2434236748467626E+00
      1.3930923535251034E-02    1.5086082338667073E+00    1.7075996299135787E-05    3.0754634906142997E+06    1.1825018485920717E+00
      1.4133553484060292E-02    1.3666425615673794E+00    1.6153643498373432E-05    2.6679314662330598E+06    1.1186295056347968E+00
      1.4339130753343353E-02    1.2313521841495110E+00    1.5198601302706341E-05    2.3019062796009327E+06    1.0524934429374229E+00
      1.4547698212863678E-02    1.1033353069688878E+00    1.4221141516668289E-05    1.9751427719559059E+06    9.8480497641011977E-01
      1.4759299355939797E-02    9.8306501124399570E-01    1.3231668643992011E-05    1.6852286830966240E+06    9.1628461129791694E-01
      1.4973978308515117E-02    8.7073565141209397E-01    1.2238366019547442E-05    1.4293828103614550E+06    8.4749903831928475E-01
      1.5191779838359684E-02    7.6637389129190470E-01    1.1248171477779187E-05    1.2047267525736804E+06    7.7892869808291443E-01
      1.5412749364405745E-02    6.7029169731672400E-01    1.0273300537023751E-05    1.0090142947058044E+06    7.1141950743965243E-01
      1.5636932966219132E-02    5.8278968964849120E-01    9.3274570774009262E-06    8.4009996020547673E+05    6.4592045134420717E-01
      1.5864377393608395E-02    5.0381734004398138E-01    8.4203448122377113E-06    6.9546910211503133E+05    5.8310350575314196E-01
      1.6095130076373705E-02    4.3294529080949012E-01    7.5560431705264800E-06    5.7229951112173975E+05    5.2325116852135067E-01
      1.6329239134197544E-02    3.6972766516512373E-01    6.7382636053762854E-06    4.6801301252838876E+05    4.6662045540858987E-01
      1.6566753386679369E-02    3.1384111250136659E-01    5.9728430582732841E-06    3.8042709411358618E+05    4.1361557088858902E-01
      1.6807722363515975E-02    2.6487867782236058E-01    5.2640943461866282E-06    3.0746396998223342E+05    3.6453517478472380E-01
      1.7052196314830223E-02    2.2223772650073678E-01    4.6121062037114416E-06    2.4703053641965718E+05    3.1938541191109054E-01
      1.7300226221649832E-02    1.8532141002916555E-01    4.0161678437526295E-06    1.9726229296702886E+05    2.7811706071486275E-01
      1.7551863806538660E-02    1.5358834235716978E-01    3.4757556856060257E-06    1.5655334794665733E+05    2.4069386356634076E-01
      1.7807161544382562E-02    1.2650698251047893E-01    2.9895803370021081E-06    1.2348216308689133E+05    2.0702653087354067E-01
      1.8066172673332201E-02    1.0356141006591110E-01    2.5556327185189394E-06    9.6799544120553808E+04    1.7697593516836099E-01
      1.8328951205904956E-02    8.4255365834024903E-02    2.1712144380783676E-06    7.5415141604938355E+04    1.5035521452106457E-01
      1.8595551940248371E-02    6.8120688753240344E-02    1.8331107830119858E-06    5.8388274064393350E+04    1.2694175213047088E-01
      1.8866030471567402E-02    5.4727666225174575E-02    1.5378749553256647E-06    4.4919939379191434E+04    1.0649685943467230E-01
      1.9140443203717876E-02    4.3686281469443165E-02    1.2819274530017435E-06    3.4337046580476854E+04    8.8772658202801696E-02
      1.9418847360968602E-02    3.4645667043833948E-02    1.0616256284456132E-06    2.6076686789339867E+04    7.3516897413077542E-02
      1.9701300999934536E-02    2.7293836102279811E-02    8.7335525089393830E-07    1.9672234281641380E+04    6.0479293891153023E-02
      1.9987863021683556E-02    2.1134529328145052E-02    7.0613744095143619E-07    1.4587044715636279E+04    4.8899567243839696E-02
      2.0278593184019290E-02    1.5905115293538677E-02    5.5488732899351190E-07    1.0512286309671839E+04    3.8425593493970997E-02
      2.0573552113942635E-02    1.1841517609406094E-02    4.3142089392967170E-07    7.4946844007616746E+03    2.9875621641994601E-02
      2.0872801320294510E-02    8.9006067033131041E-03    3.3864510341647620E-07    5.3945002887003538E+03    2.3450957343373460E-02
      2.1176403206582577E-02    6.7605685302286654E-03    2.6862010218316964E-07    3.9237421009687264E+03    1.8601770686531783E-02
      2.1484421083994374E-02    5.1868821582331396E-03    2.1522424305049045E-07    2.8827650058992572E+03    1.4904141510145128E-02
      2.1796919184599865E-02    4.0153088730522993E-03    1.7399260176474938E-07    2.1370143771960816E+03    1.2048876658433868E-02
      2.2113962674746006E-02    3.1310816851432563E-03    1.4168721985856182E-07    1.5957634315881919E+03    9.8117495734699883E-03
      2.2435617668646084E-02    2.4562023397944706E-03    1.1607094545069975E-07    1.1987369071575849E+03    8.0378389148648595E-03
      2.2761951242166768E-02    1.9372001387224071E-03    9.5599634796572632E-08    9.0535697698234605E+02    6.6202137135269439E-03
      2.3093031446815668E-02    1.5351350600952783E-03    7.9113292855862262E-08    6.8703296694392122E+02    5.4785450530343404E-03
      2.3428927323932369E-02    1.2213040936181526E-03    6.5727409458561368E-08    5.2340808232615541E+02    4.5515811684645529E-03
      2.3769708919085863E-02    9.7464449029923089E-04    5.4775645813198080E-08    3.9998938782050004E+02    3.7931785236571770E-03
      2.4115447296681414E-02    7.7962799507181127E-04    4.5755805343825275E-08    3.0639049470196892E+02    3.1685603261480378E-03
      2.4466214554779844E-02    6.2471658735603858E-04    3.8287628970987774E-08    2.3510210901665920E+02    2.6513938773043521E-03
      2.4822083840132431E-02    5.0119435903912986E-04    3.2077275188021457E-08    1.8061977097516365E+02    2.2213308402714792E-03
      2.5183129363434451E-02    3.9868282175654506E-04    2.6644402559853738E-08    1.3758537173983854E+02    1.8451078771464092E-03
      2.5549426414800593E-02    3.1569091435780809E-04    2.2032568608000068E-08    1.0432597362056259E+02    1.5257413185027625E-03
      2.5921051379465480E-02    2.5100906681933447E-04    1.8294146220514160E-08    7.9433810749320173E+01    1.2668579534224011E-03
      2.6298081753712545E-02    2.0047608394965305E-04    1.5258322428062758E-08    6.0752504227681314E+01    1.0566290927640474E-03
      2.6680596161034676E-02    1.6066611717748032E-04    1.2769890915168996E-08    4.6624215504190488E+01    8.8430679820835224E-04
      2.7068674368529735E-02    1.2909577452541448E-04    1.0715018155573672E-08    3.5874420302821569E+01    7.4200817069190468E-04
      2.7462397303534763E-02    1.0394125350500861E-04    9.0091952845166687E-09    2.7659634681494637E+01    6.2388102524987680E-04
      2.7861847070502020E-02    8.3819330100371115E-05    7.5868001083227682E-09    2.1359363198516110E+01    5.2538106683966933E-04
      2.8267106968120535E-02    6.7663205206919510E-05    6.3956192402387072E-09    1.6511339482092154E+01    4.4289255174270828E-04
      2.8678261506686658E-02    5.4650546762196601E-05    5.3943531147359888E-09    1.2770558090008999E+01    3.7355551139681012E-04
      2.9095396425727307E-02    4.4143373405629551E-05    4.5501371559569421E-09    9.8779428566697618E+00    3.1509409489265724E-04
      2.9518598711879541E-02    3.5642511401832613E-05    3.8365483326295114E-09    7.6375648946094632E+00    2.6567852417354001E-04
      2.9947956617030185E-02    2.8653463531555572E-05    3.2207381956269224E-09    5.8796214676210470E+00    2.2303406509596621E-04
      3.0383559676719317E-02    2.2909648734530780E-05    2.6890787533926370E-09    4.5016973823360313E+00    1.8621698793981281E-04
      3.0825498728811435E-02    1.8362075267193853E-05    2.2507576581676656E-09    3.4551368641502078E+00    1.5586353176070471E-04
      3.1273865932438208E-02    1.4714523170881185E-05    1.8834896348676104E-09    2.6514003571673994E+00    1.3043045547788478E-04
      3.1728754787216734E-02    1.1756027615091172E-05    1.5714028310754514E-09    2.0285015322203019E+00    1.0881864343830871E-04
      3.2190260152747362E-02    9.3654529159708030E-06    1.3072721059819980E-09    1.5474946370308977E+00    9.0527759250849606E-05
      3.2658478268395096E-02    7.4412928083412632E-06    1.0846665703474816E-09    1.1774280749258734E+00    7.5112467938800889E-05
      3.3133506773358738E-02    5.8983375433536950E-06    8.9781852169137521E-10    8.9371951376725067E-01    6.2173359785395557E-05
      3.3615444727031950E-02    4.6654123448261554E-06    7.4158422630842885E-10    6.7693548086682220E-01    5.1354234513439162E-05
      3.4104392629660446E-02    3.6833980354134981E-06    6.1140790540059110E-10    5.1178967611754744E-01    4.2339607347923584E-05
      3.4600452443299609E-02    2.9035225622379639E-06    5.0329195392901560E-10    3.8632578813912044E-01    3.4852646690529961E-05
      3.5103727613077257E-02    2.2858024681217693E-06    4.1375789589886244E-10    2.9124120330126962E-01    2.8652470298013162E-05
      3.5614323088765068E-02    1.7976532311860574E-06    3.3980264195949862E-10    2.1933385124473603E-01    2.3531116148924960E-05
      3.6132345346664339E-02    1.4126680199493979E-06    2.7885252562155194E-10    1.6505378335154025E-01    1.9310359480971628E-05
      3.6657902411809849E-02    1.1095574653944477E-06    2.2871691731227044E-10    1.2414258804652084E-01    1.5838500593943535E-05
      3.7191103880496679E-02    8.7123992228907370E-07    1.8754290435760042E-10    9.3345715320654471E-02    1.2987226467389918E-05
      3.7732060943134742E-02    6.8406947457514591E-07    1.5377218879612722E-10    7.0184701469454450E-02    1.0648625961735079E-05
      3.8280886407435689E-02    5.3718770634066828E-07    1.2610104106017391E-10    5.2778122429523053E-02    8.7324166362455271E-06
      3.8837694721937141E-02    4.2198453880612498E-07    1.0344379507691154E-10    3.9701785198957756E-02    7.1634168080733343E-06
      3.9402601999869016E-02    3.3165368479495790E-07    8.4900115326499633E-11    2.9880230847758767E-02    5.8792788169172215E-06
      3.9975726043367042E-02    2.6216806324995703E-07    7.0086502284237506E-11    2.2618538141195566E-02    4.8534455653786779E-06
      4.0557186368038511E-02    2.0939054341631088E-07    5.8457631969277686E-11    1.7299256420859232E-02    4.0481537157210745E-06
      4.1147104227885201E-02    1.6760720662537902E-07    4.8863337874958895E-11    1.3260157591125154E-02    3.3837549712072829E-06
      4.1745602640588991E-02    1.3345973703788959E-07    4.0630073650833528E-11    1.0110948247392840E-02    2.8136066768165221E-06
      4.2352806413165120E-02    1.0573018764261817E-07    3.3612690005687108E-11    7.6705455085194644E-03    2.3276573367428551E-06
      4.2968842167988713E-02    8.3334906696256227E-08    2.7665474368596267E-11    5.7894835824572107E-03    1.9158164484198991E-06
      4.3593838369199694E-02    6.5345969308024420E-08    2.2653580773309460E-11    4.3472768944455521E-03    1.5687460147214941E-06
      4.4227925349491944E-02    5.0975574445196913E-08    1.8453853573352813E-11    3.2474782592635133E-03    1.2779175857072247E-06
      4.4871235337292092E-02    3.9559284495234623E-08    1.4954788391690188E-11    2.4133381428356458E-03    1.0356095544112932E-06
      4.5523902484333460E-02    3.0540323594100156E-08    1.2056254672725102E-11    1.7841403227090379E-03    8.3488794374567512E-07
      4.6186062893631252E-02    2.3455161638362366E-08    9.6690586221850470E-12    1.3121377484494282E-03    6.6957614036596997E-07
      4.6857854647864655E-02    1.7920434045259303E-08    7.7143855286948971E-12    9.6000865663745951E-04    5.3421627579617822E-07
      4.7539417838171651E-02    1.3621185345795458E-08    6.1231493782477698E-12    6.9875857839477615E-04    4.2402418764577909E-07
      4.8230894593362737E-02    1.0300399115260262E-08    4.8352757503207881E-12    5.0600164445442197E-04    3.3483976062328626E-07
      4.8932429109559597E-02    7.7497585942056617E-09    3.7989426102295474E-12    3.6456223244744521E-04    2.6307435189119724E-07
      4.9644167680264778E-02    5.8015677454908523E-09    2.9698015774513520E-12    2.6134517941712424E-04    2.0565686439423776E-07
      5.0366258726868826E-02    4.3498270200126749E-09    2.3252959841716505E-12    1.8764056754303079E-04    1.6102526327824620E-07
      5.1098852829601096E-02    3.2565685854250342E-09    1.8178937318406859E-12    1.3452425809740346E-04    1.2588798104590506E-07
      5.1842102758930877E-02    2.4170139990183812E-09    1.4089292647072397E-12    9.5610407130568124E-05    9.7567452631510497E-08
      5.2596163507424999E-02    1.7778609585775823E-09    1.0822038904016321E-12    6.7345630008752171E-05    7.4941928923832552E-08
      5.3361192322069262E-02    1.2955391688247750E-09    8.2349809260460737E-13    4.6994582976292618E-05    5.7026717490344995E-08
      5.4137348737059374E-02    9.3488923877897697E-10    6.2054375065916616E-13    3.2474542265071999E-05    4.2972258803069587E-08
      5.4924794607069428E-02    6.6778548130251184E-10    4.6285911456045450E-13    2.2212910941976941E-05    3.2052698361917973E-08
      5.5723694141003942E-02    4.7193017514640869E-10    3.4157695459452413E-13    1.5032522932390286E-05    2.3653986166822782E-08
      5.6534213936240973E-02    3.2981036019099349E-10    2.4927194204438914E-13    1.0060140524624084E-05    1.7261922941769663E-08
      5.7356523013373226E-02    2.2780430672348183E-10    1.7979126720702589E-13    6.6540691368223769E-06    1.2450430540546502E-08
      5.8190792851454523E-02    1.5542388790346421E-10    1.2809176476029634E-13    4.3473917057845388E-06    8.8702729823229703E-09
      5.9037197423758986E-02    1.0467881898531560E-10    9.0086184019253712E-14    2.8038543078445947E-06    6.2384107649850199E-09
      5.9895913234060266E-02    6.9508208831126394E-11    6.2463930980178461E-14    1.7828645582815312E-06    4.3255873660576297E-09
      6.0767119353438530E-02    4.5442439952683472E-11    4.2642969000455959E-14    1.1161678827577277E-06    2.9529983954755015E-09
      6.1650997457622772E-02    2.9268011796638198E-11    2.8679664510888923E-14    6.8840929624946147E-07    1.9860484686824950E-09
      6.2547731864876319E-02    1.8579635644524824E-11    1.9011331456760987E-14    4.1848155740292003E-07    1.3165225734415406E-09
      6.3457509574433357E-02    1.1619398625177125E-11    1.2415178135476346E-14    2.5061577650168240E-07    8.5974316453463099E-10
      6.4380520305494612E-02    7.1552064007741713E-12    7.9833449812845984E-15    1.4778574553993599E-07    5.5284154628184414E-10
      6.5316956536790066E-02    4.3364796222077871E-12    5.0523441334163408E-15    8.5769586432078455E-08    3.4987160765492170E-10
      6.6267013546717365E-02    2.5852822600283397E-12    3.1452553750658089E-15    4.8965432789344717E-08    2.1780692793296637E-10
      6.7230889454063789E-02    1.5153273183085431E-12    1.9250684270250772E-15    2.7483605710313101E-08    1.3330976030596782E-10
      6.8208785259320712E-02    8.7276519737275056E-13    1.1577861093175380E-15    1.5158293150631800E-08    8.0175949359481885E-11
      6.9200904886599163E-02    4.9366970352438363E-13    6.8384550152052987E-16    8.2106016573995254E-09    4.7355864661338941E-11
      7.0207455226154472E-02    2.7455466294400039E-13    3.9714031676202770E-16    4.3727329637482345E-09    2.7501713545423175E-11
      7.1228646177530081E-02    1.4991777574499323E-13    2.2644111060738531E-16    2.2864562081377863E-09    1.5680902431679875E-11
      7.2264690693328623E-02    8.0003033279707979E-14    1.2618014396389190E-16    1.1684276786848923E-09    8.7378944618573915E-12
      7.3315804823619629E-02    4.1613694145103601E-14    6.8533299390326913E-17    5.8199235398694158E-10    4.7458872559767965E-12
      7.4382207760993302E-02    2.1065428089672935E-14    3.6225526145864842E-17    2.8212197972975982E-10    2.5085945723631693E-12
      7.5464121886269414E-02    1.0360137265743513E-14    1.8603173645750951E-17    1.3286719554881143E-10    1.2882579054490155E-12
      7.6561772814871323E-02    4.9407883368378391E-15    9.2638769089198957E-18    6.0678401763027966E-11    6.4151756524341668E-13
      7.7675389443874143E-02    2.2800115899630547E-15    4.4638153346226608E-18    2.6813935722606261E-11    3.0911636384180264E-13
      7.8805203999737894E-02    1.0156409179474191E-15    2.0762485543575789E-18    1.1437979765497072E-11    1.4377888766517882E-13
      7.9951452086733946E-02    4.3551723644828786E-16    9.2963287584404109E-19    4.6967788055679068E-12    6.4376483511722086E-14
      8.1114372736076884E-02    1.7919996754968196E-16    3.9939951992976855E-19    1.8506245188256616E-12    2.7658161923333270E-14
      8.2294208455770262E-02    7.0483895290324592E-17    1.6402833953107155E-19    6.9703712179503175E-13    1.1358857856322946E-14
      8.3491205281177844E-02    2.6379901094247724E-17    6.4099786795206067E-20    2.4981861632504759E-13    4.4388693375112152E-15
      8.4705612826330101E-02    9.3417297434157038E-18    2.3700582246154056E-20    8.4715827999104142E-14    1.6412501986899584E-15
      8.5937684335977288E-02    3.1074722587948953E-18    8.2315074797635850E-21    2.6985479942408525E-14    5.7002664096457605E-16
      8.7187676738399250E-02    9.6165725423133177E-19    2.6596358269229833E-21    7.9970318100064972E-15    1.8417808406747546E-16
      8.8455850698983818E-02    2.7311878487220458E-19    7.8862005870440795E-22    2.1749321261266606E-15    5.4611435896243803E-17
      8.9742470674584116E-02    6.9720423096978800E-20    2.1016784558051144E-22    5.3166708694783558E-16    1.4553989211519424E-17
      9.1047804968666851E-02    1.5433648426055493E-20    4.8564771469520104E-23    1.1270261429367964E-16    3.3630794381271588E-18
      9.2372125787262435E-02    2.7938547780746640E-21    9.1756883700176390E-24    1.9536863433940709E-17    6.3541056519201533E-19
      9.3715709295729227E-02    2.2033593469380093E-22    7.4851545651016361E-25    3.0408931736952306E-18    5.1834217782525680E-20
      9.5078835676343218E-02    1.6383488690522873E-27    5.8774956629912433E-30    1.0505788387636910E-23    4.0701282460050513E-25
      9.6461789186725405E-02    9.3752600756482752E-28    3.5220894236294454E-30    5.7569334964382081E-24    2.4390244536180812E-25
      9.7864858219119125E-02    5.6488095472994378E-28    2.2103607243052659E-30    3.3216238193110905E-24    1.5306606986548534E-25
      9.9288335360529487E-02    1.7492341489595576E-28    7.1305799107223239E-31    9.8497926025622248E-25    4.9378810924135510E-26
