      1.5739455852146610E-03    6.1993875023328947E-02    1.0125260451391589E-09    8.7630132749360472E+07    7.0116782596472616E-05
      1.5968391509250449E-03    6.4724623146582894E-02    1.1039294276463174E-09    8.7611242976754218E+07    7.6446408516323233E-05
      1.6200657112166008E-03    6.7575014192091415E-02    1.2035725803223024E-09    8.7591523918975025E+07    8.3346633263084127E-05
      1.6436301096070438E-03    7.0550231966429691E-02    1.3121967095597235E-09    8.7570939290411979E+07    9.0868784906526179E-05
      1.6675372600646770E-03    7.3655679605202570E-02    1.4306094763614486E-09    8.7549451234511286E+07    9.9068793455780104E-05
      1.6917921480331182E-03    7.6896988371832162E-02    1.5596909244884648E-09    8.7527020257572174E+07    1.0800760137979348E-04
      1.7163998314709326E-03    8.0280026764458598E-02    1.7003999326119038E-09    8.7503605159678578E+07    1.1775161041474183E-04
      1.7413654419063864E-03    8.3810909937602096E-02    1.8537812369033515E-09    8.7479162962945819E+07    1.2837316787392674E-04
      1.7666941855075436E-03    8.7496009444649914E-02    2.0209730736356215E-09    8.7453648836849391E+07    1.3995109589300339E-04
      1.7923913441679267E-03    9.1341963306916213E-02    2.2032154959399390E-09    8.7427016020697296E+07    1.5257126736010888E-04
      1.8184622766079673E-03    9.5355686414527713E-02    2.4018594233369017E-09    8.7399215743060768E+07    1.6632723259010754E-04
      1.8449124194924822E-03    9.9544381263460949E-02    2.6183764865335025E-09    8.7370197137840003E+07    1.8132090107050329E-04
      1.8717472885643974E-03    1.0391554903361225E-01    2.8543697394635966E-09    8.7339907157632411E+07    1.9766328326340738E-04
      1.8989724797949684E-03    1.0847700100971232E-01    3.1115853084071686E-09    8.7308290483058169E+07    2.1547529729961496E-04
      1.9265936705507262E-03    1.1323687034895501E-01    3.3919250645597113E-09    8.7275289429278284E+07    2.3488864654594909E-04
      1.9546166207773997E-03    1.1820362419549034E-01    3.6974604036118265E-09    8.7240843848568469E+07    2.5604677383235622E-04
      1.9830471742010576E-03    1.2338607614261905E-01    4.0304472297941430E-09    8.7204891029409856E+07    2.7910589908745621E-04
      2.0118912595467218E-03    1.2879339904154757E-01    4.3933422470941467E-09    8.7167365591890231E+07    3.0423614749491363E-04
      2.0411548917747052E-03    1.3443513815344540E-01    4.7888206669132468E-09    8.7128199378879353E+07    3.3162277573739137E-04
      2.0708441733349298E-03    1.4032122464229765E-01    5.2197954584612535E-09    8.7087321343989849E+07    3.6146750507408566E-04
      2.1009652954395055E-03    1.4646198940011970E-01    5.6894382642391661E-09    8.7044657434601545E+07    3.9398996972456435E-04
      2.1315245393537866E-03    1.5286817719878656E-01    6.2012021298165146E-09    8.7000130471411973E+07    4.2942929089134551E-04
      2.1625282777062381E-03    1.5955096115665648E-01    6.7588461955488056E-09    8.6953660023445636E+07    4.6804578664557599E-04
      2.1939829758173416E-03    1.6652195750762017E-01    7.3664625169321884E-09    8.6905162278773844E+07    5.1012282921947998E-04
      2.2258951930478298E-03    1.7379324065667806E-01    8.0285051912202485E-09    8.6854549910771802E+07    5.5596886200598807E-04
      2.2582715841665347E-03    1.8137735850356645E-01    8.7498219837774828E-09    8.6801731940013379E+07    6.0591958966353643E-04
      2.2911189007381290E-03    1.8928734801145064E-01    9.5356886594819045E-09    8.6746613591386139E+07    6.6034035554379225E-04
      2.3244439925310563E-03    1.9753675099529291E-01    1.0391846245238089E-08    8.6689096146716759E+07    7.1962872209690814E-04
      2.3582538089459352E-03    2.0613963009885289E-01    1.1324541462460153E-08    8.6629076792535871E+07    7.8421727079517017E-04
      2.3925554004647445E-03    2.1511058492627935E-01    1.2340570592318028E-08    8.6566448463313311E+07    8.5457663977331517E-04
      2.4273559201210856E-03    2.2446476828701259E-01    1.3447327049056637E-08    8.6501099679613262E+07    9.3121881825052944E-04
      2.4626626249918274E-03    2.3421790250929836E-01    1.4652852965320751E-08    8.6432914381540537E+07    1.0147007187812826E-03
      2.4984828777104549E-03    2.4438629577066170E-01    1.5965895112855085E-08    8.6361771757489502E+07    1.1056280497281296E-03
      2.5348241480024213E-03    2.5498685838573365E-01    1.7395965501874345E-08    8.6287546067740947E+07    1.2046595117294211E-03
      2.5716940142428402E-03    2.6603711898726934E-01    1.8953407036756282E-08    8.6210106463566929E+07    1.3125113443141572E-03
      2.6091001650368219E-03    2.7755524052534686E-01    2.0649464623124298E-08    8.6129316801350236E+07    1.4299622500220887E-03
      2.6470504008228308E-03    2.8956003600268987E-01    2.2496362155180342E-08    8.6045035451992571E+07    1.5578587257273999E-03
      2.6855526354993054E-03    3.0207098385513548E-01    2.4507385844303803E-08    8.5957115105947435E+07    1.6971208330910151E-03
      2.7246148980749922E-03    3.1510824287313932E-01    2.6696974370990024E-08    8.5865402573394060E+07    1.8487484415248192E-03
      2.7642453343432599E-03    3.2869266655324897E-01    2.9080816390757496E-08    8.5769738580407575E+07    2.0138279804135196E-03
      2.8044522085807697E-03    3.4284581675211434E-01    3.1675955943649841E-08    8.5669957560720995E+07    2.1935397386554038E-03
      2.8452439052708551E-03    3.5758997650615015E-01    3.4500906366310213E-08    8.5565887443752736E+07    2.3891657530008101E-03
      2.8866289308519676E-03    3.7294816186262664E-01    3.7575773331975766E-08    8.5457349438794836E+07    2.6020983284932415E-03
      2.9286159154915553E-03    3.8894413255577120E-01    4.0922387693317737E-08    8.5344157816061825E+07    2.8338492377512825E-03
      2.9712136148857429E-03    4.0560240134178416E-01    4.4564448832378746E-08    8.5226119684567273E+07    3.0860596478602936E-03
      3.0144309120851863E-03    4.2264022065521217E-01    4.8492082812034083E-08    8.5041056655606687E+07    3.3580457949743286E-03
      3.0582768193474900E-03    4.3998008026696966E-01    5.2716533007020575E-08    8.4776691394957751E+07    3.6505862756202215E-03
      3.1027604800165642E-03    4.5793635821901169E-01    5.7297178865783806E-08    8.4495620569753140E+07    3.9677930787165227E-03
      3.1478911704293172E-03    4.7659813667017370E-01    6.2272275494179147E-08    8.4210653812149376E+07    4.3123153459355317E-03
      3.1936783018500850E-03    4.9599038078039309E-01    6.7675259011042043E-08    8.3921565804778442E+07    4.6864685071731117E-03
      3.2401314224331963E-03    5.1613868528663476E-01    7.3542325016551459E-08    8.3628125236642390E+07    5.0927590846475109E-03
      3.2872602192140820E-03    5.3706926566521596E-01    7.9912646023892121E-08    8.3330094649253577E+07    5.5338997499032464E-03
      3.3350745201293479E-03    5.5880894614794085E-01    8.6828604602892173E-08    8.3027230286957353E+07    6.0128254688592564E-03
      3.3835842960662278E-03    5.8138514426259114E-01    9.4336043175175707E-08    8.2719281952339023E+07    6.5327107999638310E-03
      3.4327996629418562E-03    6.0482585154245794E-01    1.0248453141968492E-07    8.2405992867656857E+07    7.0969884118564129E-03
      3.4827308838127637E-03    6.2915961002356591E-01    1.1132765227753376E-07    8.2087099543382481E+07    7.7093688890212259E-03
      3.5333883710150786E-03    6.5441548411967021E-01    1.2092330755550957E-07    8.1762331654968813E+07    8.3738618946347810E-03
      3.5847826883358444E-03    6.8062302743579184E-01    1.3133404413701693E-07    8.1431411929125950E+07    9.0947987604655944E-03
      3.6369245532159255E-03    7.0781224405071108E-01    1.4262740181653592E-07    8.1094056040930957E+07    9.8768565741885091E-03
      3.6898248389849544E-03    7.3601354376614492E-01    1.5487628375595955E-07    8.0749972523277953E+07    1.0725083833249670E-02
      3.7434945771287849E-03    7.6525769078751193E-01    1.6815935054685952E-07    8.0398862690206528E+07    1.1644927733427027E-02
      3.7979449595899272E-03    7.9557574526829244E-01    1.8256143882529720E-07    8.0040420576040953E+07    1.2642263157638887E-02
      3.8531873411014423E-03    8.2699899719506942E-01    1.9817400535299270E-07    7.9674332900030762E+07    1.3723423428281542E-02
      3.9092332415547890E-03    8.5955889188507417E-01    2.1509559737000324E-07    7.9300279048102334E+07    1.4895232878852136E-02
      3.9660943484021056E-03    8.9328694633937133E-01    2.3343234993124442E-07    7.8917931067316443E+07    1.6165041294185448E-02
      4.0237825190934332E-03    9.2821465585767349E-01    2.5329851085449522E-07    7.8526953688050419E+07    1.7540760262768299E-02
      4.0823097835494000E-03    9.6437339014963475E-01    2.7481699374137328E-07    7.8127004374348968E+07    1.9030901473089244E-02
      4.1416883466698562E-03    1.0017942781411682E+00    2.9811995933453909E-07    7.7717733403704345E+07    2.0644616972254032E-02
      4.2019305908790076E-03    1.0405080806515168E+00    3.2334942525896468E-07    7.7298783979043007E+07    2.2391741390179434E-02
      4.2630490787075696E-03    1.0805450500816896E+00    3.5065790392004090E-07    7.6869792375999659E+07    2.4282836113630159E-02
      4.3250565554124728E-03    1.1219347762208138E+00    3.8020906801044629E-07    7.6430388128624231E+07    2.6329235372144905E-02
      4.3879659516346762E-03    1.1647060172467196E+00    4.1217844269809458E-07    7.5980194257008731E+07    2.8543094171610089E-02
      4.4517903860956526E-03    1.2088865149665515E+00    4.4675412311759065E-07    7.5518827540335372E+07    3.0937437980085386E-02
      4.5165431683330615E-03    1.2545027933218402E+00    4.8413751527587660E-07    7.5045898839255124E+07    3.3526214035046971E-02
      4.5822378014762502E-03    1.3015799391586191E+00    5.2454409787530277E-07    7.4561013471475944E+07    3.6324344099149170E-02
      4.6488879850621039E-03    1.3501413642551792E+00    5.6820420187128341E-07    7.4063771644931555E+07    3.9347778444094664E-02
      4.7165076178918618E-03    1.4002085475850610E+00    6.1536380378602895E-07    7.3553768952713609E+07    4.2613550787104312E-02
      4.7851108009294811E-03    1.4518007568052729E+00    6.6628532790180454E-07    7.3030596934625924E+07    4.6139833842288494E-02
      4.8547118402421626E-03    1.5049347479629303E+00    7.2124845142478975E-07    7.2493843710031301E+07    4.9945995077730655E-02
      4.9253252499836470E-03    1.5596244424391978E+00    7.8055090555873585E-07    7.1943094686877176E+07    5.4052652189326943E-02
      4.9969657554209020E-03    1.6158805801934792E+00    8.4450926411604909E-07    7.1377933352379680E+07    5.8481727711600574E-02
      5.0696482960048347E-03    1.6737103484184248E+00    9.1345970983949010E-07    7.0797942150580704E+07    6.3256502084990590E-02
      5.1433880284856718E-03    1.7331169847839494E+00    9.8775876695810038E-07    7.0202703452064753E+07    6.8401664384882335E-02
      5.2182003300736447E-03    1.7940993545545563E+00    1.0677839867034121E-06    6.9591800621854231E+07    7.3943359793167657E-02
      5.2941008016456625E-03    1.8566515009764388E+00    1.1539345704855344E-06    6.8964819191255510E+07    7.9909232752791201E-02
      5.3711052709986117E-03    1.9207621684678575E+00    1.2466319132182191E-06    6.8321348139366746E+07    8.6328464592664578E-02
      5.4492297961499844E-03    1.9864142983271325E+00    1.3463200468395714E-06    6.7660981290194869E+07    9.3231804241192651E-02
      5.5284906686865155E-03    2.0535844968874195E+00    1.4534659614291539E-06    6.6983318831620365E+07    1.0065159046342800E-01
      5.6089044171615358E-03    2.1222424762933785E+00    1.5685597784264109E-06    6.6287968962252051E+07    1.0862176385633637E-01
      5.6904878105417060E-03    2.1923504683682240E+00    1.6921147473450186E-06    6.5574549672265604E+07    1.1717786662126752E-01
      5.7732578617039308E-03    2.2638626123677481E+00    1.8246670340123060E-06    6.4842690663868822E+07    1.2635702789967013E-01
      5.8572318309831062E-03    2.3367243178294208E+00    1.9667752648122487E-06    6.4092035417473137E+07    1.3619793221221005E-01
      5.9424272297714797E-03    2.4108716041707958E+00    2.1190197876215810E-06    6.3322243409268014E+07    1.4674076827906751E-01
      6.0288618241703673E-03    2.4862304192112106E+00    2.2820016061797790E-06    6.2532992485683061E+07    1.5802715522573837E-01
      6.1165536386949756E-03    2.5627159393784922E+00    2.4563409405134425E-06    6.1723981399852425E+07    1.7010004289334127E-01
      6.2055209600331233E-03    2.6402318550348634E+00    2.6426753618351101E-06    6.0894932514975481E+07    1.8300358268155012E-01
      6.2957823408586293E-03    2.7186696450909564E+00    2.8416574460662738E-06    6.0045594678539678E+07    1.9678296505656051E-01
      6.3873566037001648E-03    2.7979078459356477E+00    3.0539518859364667E-06    5.9175746271266416E+07    2.1148421956579383E-01
      6.4802628448663866E-03    2.8778113206486675E+00    3.2802319975379132E-06    5.8285198433872476E+07    2.2715397291903583E-01
      6.5745204384281587E-03    2.9582305355033141E+00    3.5211755534116961E-06    5.7373798473758683E+07    2.4383916043231227E-01
      6.6701490402586907E-03    3.0390008519235603E+00    3.7774598708709288E-06    5.6441433452846877E+07    2.6158668589740258E-01
      6.7671685921324564E-03    3.1199418433297135E+00    4.0497560815002348E-06    5.5488033956525311E+07    2.8044302474833482E-01
      6.8655993258837133E-03    3.2008566477012876E+00    4.3387225058722070E-06    5.4513578042379320E+07    3.0045376526472817E-01
      6.9654617676255283E-03    3.2815313682014589E+00    4.6449970567223809E-06    5.3518095365776852E+07    3.2166308249650610E-01
      7.0667767420301572E-03    3.3617345358493504E+00    4.9691885944923639E-06    5.2501671477454357E+07    3.4411313964077433E-01
      7.1695653766716888E-03    3.4412166499657459E+00    5.3118671615778447E-06    5.1464452285806581E+07    3.6784341176972596E-01
      7.2738491064318388E-03    3.5197098140192367E+00    5.6735530263809427E-06    5.0406648674306065E+07    3.9288992713825710E-01
      7.3796496779698975E-03    3.5969274864756762E+00    6.0547044757305245E-06    4.9328541261432864E+07    4.1928442181686271E-01
      7.4869891542575584E-03    3.6725643683148195E+00    6.4557043050043704E-06    4.8230485286796957E+07    4.4705340414121619E-01
      7.5958899191798414E-03    3.7462964510109162E+00    6.8768449700129438E-06    4.7112915603077307E+07    4.7621712648959458E-01
      7.7063746822028725E-03    3.8177812509297011E+00    7.3183123840451180E-06    4.5976351748574659E+07    5.0678846323863269E-01
      7.8184664831095659E-03    3.8866582582285232E+00    7.7801683681844322E-06    4.4821403069631130E+07    5.3877169545892134E-01
      7.9321886968041957E-03    3.9525496303996248E+00    8.2623317938687823E-06    4.3648773855686575E+07    5.7216120504929791E-01
      8.0475650381868526E-03    4.0150611624874788E+00    8.7645584944978965E-06    4.2459268442331433E+07    6.0694008362848106E-01
      8.1646195670987860E-03    4.0737835676368652E+00    9.2864200684609343E-06    4.1253796229219578E+07    6.4307866465825625E-01
      8.2833766933396984E-03    4.1282941028728617E+00    9.8272817500697176E-06    4.0033376549933985E+07    6.8053299101972142E-01
      8.4038611817580013E-03    4.1781585757199089E+00    1.0386279588121096E-05    3.8799143320028104E+07    7.1924323464329154E-01
      8.5260981574151254E-03    4.2229337672564267E+00    1.0962297244689748E-05    3.7552349377063856E+07    7.5913208983990310E-01
      8.6501131108249318E-03    4.2621703062691489E+00    1.1553942809456853E-05    3.6294370412930876E+07    8.0010316770806877E-01
      8.7759319032693454E-03    4.2954160270669464E+00    1.2159526117216064E-05    3.5026708383752123E+07    8.4203942538563759E-01
      8.9035807721912965E-03    4.3222198399367953E+00    1.2777037157390402E-05    3.3750994266470619E+07    8.8480167092261530E-01
      9.0330863366661143E-03    4.3421361379094199E+00    1.3404126273135237E-05    3.2468990014061160E+07    9.2822719208168025E-01
      9.1644756029524918E-03    4.3547297561231790E+00    1.4038086961652809E-05    3.1182589543907009E+07    9.7212856527093716E-01
      9.2977759701242009E-03    4.3595814902227961E+00    1.4675842203187836E-05    2.9893818575940095E+07    1.0162927088355866E+00
      9.4330152357837167E-03    4.3562941676174205E+00    1.5313935359318205E-05    2.8604833120003827E+07    1.0604802527703610E+00
      9.5702216018589466E-03    4.3444992497218813E+00    1.5948526785460885E-05    2.7317916396411508E+07    1.1044253041377226E+00
      9.7094236804843095E-03    4.3238639242512100E+00    1.6575397390251802E-05    2.6035473960947007E+07    1.1478356935526468E+00
      9.8506504999672766E-03    4.2940986240641275E+00    1.7189960436083546E-05    2.4760026797114588E+07    1.1903937923623304E+00
      9.9939315108417866E-03    4.2548143065787229E+00    1.7786648850625229E-05    2.3493370714109667E+07    1.2317140843598593E+00
      1.0139296592009652E-02    4.2059750188116221E+00    1.8360771137312558E-05    2.2239091156811342E+07    1.2714716864015061E+00
      1.0286776056971326E-02    4.1476151534416283E+00    1.8907456440711779E-05    2.1000731572561257E+07    1.3093292948562709E+00
      1.0436400660147272E-02    4.0795547244593440E+00    1.9420377651365889E-05    1.9780367673743278E+07    1.3448487614311884E+00
      1.0588201603291308E-02    4.0018434748453755E+00    1.9893677617068899E-05    1.8580924552162342E+07    1.3776244820730754E+00
      1.0742210541997204E-02    3.9146193469241055E+00    2.0321436292650585E-05    1.7405334951466329E+07    1.4072464974311041E+00
      1.0898459592299951E-02    3.8181157254972371E+00    2.0697774170588040E-05    1.6256519151381634E+07    1.4333076553606581E+00
      1.1056981337373022E-02    3.7126666844519698E+00    2.1016965943894380E-05    1.5137357180646384E+07    1.4554114820058555E+00
      1.1217808834323061E-02    3.5987105084278053E+00    2.1273565360197695E-05    1.4050657096887954E+07    1.4731808278648537E+00
      1.1380975621083403E-02    3.4767912883393537E+00    2.1462539567197239E-05    1.2999120483175019E+07    1.4862671711269735E+00
      1.1546515723407853E-02    3.3475583013884505E+00    2.1579409963334142E-05    1.1985305900982551E+07    1.4943603714917786E+00
      1.1714463661966204E-02    3.2117628903719306E+00    2.1620395538073282E-05    1.1011591063160654E+07    1.4971985963921375E+00
      1.1884854459542953E-02    3.0702525995196215E+00    2.1582553740974289E-05    1.0080134612850148E+07    1.4945780760875114E+00
      1.2057723648340726E-02    2.9239623953327847E+00    2.1463913082941953E-05    9.1928385379587114E+06    1.4863622862159407E+00
      1.2233107277389941E-02    2.7739028992794932E+00    2.1263591024016545E-05    8.3513123874375187E+06    1.4724901114483078E+00
      1.2411041920066238E-02    2.6211456817117060E+00    2.0981890323332377E-05    7.5568405619081426E+06    1.4529825176614921E+00
      1.2591564681717236E-02    2.4668224687469538E+00    2.0620508031919117E-05    6.8104000043622199E+06    1.4279570245565161E+00
      1.2774713207400307E-02    2.3121391397455673E+00    2.0182890254183199E-05    6.1127173682740778E+06    1.3976522726647822E+00
      1.2960525689732752E-02    2.1581820506817389E+00    1.9672760189939037E-05    5.4637906669665417E+06    1.3623260911978978E+00
      1.3149040876856297E-02    2.0060557033064943E+00    1.9095366657908404E-05    4.8633395144210532E+06    1.3223419575034039E+00
      1.3340298080517361E-02    1.8568345524259138E+00    1.8457208282088760E-05    4.3107261617481057E+06    1.2781498971467595E+00
      1.3534337184264889E-02    1.7115254427307127E+00    1.7765768174137293E-05    3.8049259670793107E+06    1.2302681108357207E+00
      1.3731198651767402E-02    1.5710463917531954E+00    1.7029329368496885E-05    3.3445484096634248E+06    1.1792701934205716E+00
      1.3930923535251034E-02    1.4362078788873567E+00    1.6256755181562292E-05    2.9278674193162885E+06    1.1257699239065222E+00
      1.4133553484060292E-02    1.3076975773384067E+00    1.5457244205833765E-05    2.5528602818403239E+06    1.0704042989551699E+00
      1.4339130753343353E-02    1.1860692615793571E+00    1.4640071398509140E-05    2.2172537771205753E+06    1.0138156034346955E+00
      1.4547698212863678E-02    1.0717364796118789E+00    1.3814329124588137E-05    1.9185759286198101E+06    9.5663347782006158E-01
      1.4759299355939797E-02    9.6497122151489367E-01    1.2988681613011938E-05    1.6542112294301374E+06    8.9945791443734335E-01
      1.4973978308515117E-02    8.6590759196575062E-01    1.2171146639716533E-05    1.4214571613211008E+06    8.4284413915446799E-01
      1.5191779838359684E-02    7.7455009625644389E-01    1.1368915386252904E-05    1.2175796080365912E+06    7.8729013670559844E-01
      1.5412749364405745E-02    6.9078598554244786E-01    1.0588220236294699E-05    1.0398650867749125E+06    7.3322749568364154E-01
      1.5636932966219132E-02    6.1440065427729817E-01    9.8342535327243449E-06    8.8566763341318001E+05    6.8101578252029682E-01
      1.5864377393608395E-02    5.4509521225881608E-01    9.1111403095823355E-06    7.5244904791039240E+05    6.3094065319094261E-01
      1.6095130076373705E-02    4.8250499606883929E-01    8.4219597026439497E-06    6.3781124134111637E+05    5.8321533588341357E-01
      1.6329239134197544E-02    4.2621799354526668E-01    7.7688086259183772E-06    5.3952026301261724E+05    5.3798504055493668E-01
      1.6566753386679369E-02    3.7579222986549515E-01    7.1528980226909794E-06    4.5552204699622572E+05    4.9533362425539590E-01
      1.6807722363515975E-02    3.3077132168262230E-01    6.5746698139759577E-06    3.8395036005508405E+05    4.5529168973306294E-01
      1.7052196314830223E-02    2.9069773936873095E-01    6.0339242026498812E-06    3.2312793882005732E+05    4.1784540116461810E-01
      1.7300226221649832E-02    2.5512353521817899E-01    5.5299476962946357E-06    2.7156200429875468E+05    3.8294534965534172E-01
      1.7551863806538660E-02    2.2361848037883475E-01    5.0616332298972037E-06    2.2793540986749236E+05    3.5051487165943118E-01
      1.7807161544382562E-02    1.9577577462328649E-01    4.6275867156059544E-06    1.9109471786264697E+05    3.2045742748264117E-01
      1.8066172673332201E-02    1.7121566569670846E-01    4.2262178287314699E-06    1.6003643031888636E+05    2.9266288815491587E-01
      1.8328951205904956E-02    1.4958734272217331E-01    3.8558142359901032E-06    1.3389237020134716E+05    2.6701267568889553E-01
      1.8595551940248371E-02    1.3056948508707988E-01    3.5146001079893530E-06    1.1191499996905861E+05    2.4338381503219467E-01
      1.8866030471567402E-02    1.1386983005926610E-01    3.2007809452846951E-06    9.3463255720342160E+04    2.2165203824323768E-01
      1.9140443203717876E-02    9.9224065057121766E-02    2.9125770357544074E-06    7.7989273272291175E+04    2.0169410139311811E-01
      1.9418847360968602E-02    8.6394297125069394E-02    2.6482480935715581E-06    6.5026227483662333E+04    1.8338949079868827E-01
      1.9701300999934536E-02    7.5167274062004186E-02    2.4061108675754757E-06    5.4177368843238204E+04    1.6662164239104865E-01
      1.9987863021683556E-02    6.5352488631226641E-02    2.1845513258538860E-06    4.5106264688482916E+04    1.5127878549008694E-01
      2.0278593184019290E-02    5.6780257043120057E-02    1.9820326671406065E-06    3.7528198177633880E+04    1.3725449758865657E-01
      2.0573552113942635E-02    4.9299832085477037E-02    1.7971000793458661E-06    3.1202646035648468E+04    1.2444803387776529E-01
      2.0872801320294510E-02    4.2777590737691898E-02    1.6283829597931740E-06    2.5926741094906196E+04    1.1276448099656182E-01
      2.1176403206582577E-02    3.7095323561887050E-02    1.4745952446571431E-06    2.1529621681671037E+04    1.0211477984569479E-01
      2.1484421083994374E-02    3.2148639626607717E-02    1.3345342836303550E-06    1.7867568700350290E+04    9.2415647658711297E-02
      2.1796919184599865E-02    2.7845494552463466E-02    1.2070786551016840E-06    1.4819836799632056E+04    8.3589426704549719E-02
      2.2113962674746006E-02    2.4104843688137836E-02    1.0911852451997566E-06    1.2285092485512709E+04    7.5563882013163039E-02
      2.2435617668646084E-02    2.0855418106670281E-02    9.8588583733830891E-07    1.0178379441149917E+04    6.8271965203710788E-02
      2.2761951242166768E-02    1.8034618365090870E-02    8.9028340191107224E-07    8.4285393324497527E+03    6.1651557548297278E-02
      2.3093031446815668E-02    1.5587519269803965E-02    8.0354823118106161E-07    6.9760243835251558E+03    5.5645202315520767E-02
      2.3428927323932369E-02    1.3465977812329041E-02    7.2491402265045860E-07    5.7710456062726334E+03    5.0199833546336947E-02
      2.3769708919085863E-02    1.1627836056699606E-02    6.5367398658734690E-07    4.7720077138777742E+03    4.5266506502768838E-02
      2.4115447296681414E-02    1.0036210839430846E-02    5.8917703791844527E-07    3.9441882839817981E+03    4.0800133958908316E-02
      2.4466214554779844E-02    8.6588621601867213E-03    5.3082410553018264E-07    3.2586244654717484E+03    3.6759230622370284E-02
      2.4822083840132431E-02    7.4676326518572835E-03    4.7806458552008309E-07    2.6911757384719194E+03    3.3105667524214163E-02
      2.5183129363434451E-02    6.4379509796502086E-03    4.3039295482888352E-07    2.2217357519329789E+03    2.9804437515128540E-02
      2.5549426414800593E-02    5.5483925387243005E-03    3.8734555433086341E-07    1.8335702020724436E+03    2.6823432496489111E-02
      2.5921051379465480E-02    4.7802913638851042E-03    3.4849754534386898E-07    1.5127611298549812E+03    2.4133232660619671E-02
      2.6298081753712545E-02    4.1173977002279183E-03    3.1346003957330381E-07    1.2477409587318200E+03    2.1706907741244653E-02
      2.6680596161034676E-02    3.5455762050234560E-03    2.8187739997682356E-07    1.0289021230713788E+03    1.9519830100091434E-02
      2.7068674368529735E-02    3.0525402430853867E-03    2.5342470827557622E-07    8.4827030221786367E+02    1.7549499353659490E-02
      2.7462397303534763E-02    2.6276181927808373E-03    2.2780539336665276E-07    6.9923112184966931E+02    1.5775378142295817E-02
      2.7861847070502020E-02    2.2615481035778060E-03    2.0474901413639684E-07    5.7630175852501793E+02    1.4178738591431232E-02
      2.8267106968120535E-02    1.9462974334916315E-03    1.8400918971844690E-07    4.7494022133936795E+02    1.2742518983270390E-02
      2.8678261506686658E-02    1.6749049472580633E-03    1.6536167001911085E-07    3.9138622011002383E+02    1.1451190141905045E-02
      2.9095396425727307E-02    1.4413421752966615E-03    1.4860253929558953E-07    3.2252849173218925E+02    1.0290631032252208E-02
      2.9518598711879541E-02    1.2403921203544971E-03    1.3354654554205399E-07    2.6579427041952289E+02    9.2480130711059226E-03
      2.9947956617030185E-02    1.0675431592110862E-03    1.2002554876078688E-07    2.1905727625552350E+02    8.3116926709038592E-03
      3.0383559676719317E-02    9.1889631796101493E-04    1.0788708133976016E-07    1.8056117739458659E+02    7.4711115467930977E-03
      3.0825498728811435E-02    7.9108430621183199E-04    9.6993013913783784E-08    1.4885597130334202E+02    6.7167043283659252E-03
      3.1273865932438208E-02    6.8120088175284237E-04    8.7218320429513986E-08    1.2274514370648731E+02    6.0398130411995713E-03
      3.1728754787216734E-02    5.8673928233556050E-04    7.8449936382645305E-08    1.0124181162212419E+02    5.4326080405102586E-03
      3.2190260152747362E-02    5.0553860839648449E-04    7.0585704461163269E-08    8.3532349404217143E+01    4.8880149976211641E-03
      3.2658478268395096E-02    4.3573717150944283E-04    6.3533402092365561E-08    6.8946242573455606E+01    4.3996475582140943E-03
      3.3133506773358738E-02    3.7573193973682609E-04    5.7209845649134407E-08    5.6931120679385721E+01    3.9617453091854039E-03
      3.3615444727031950E-02    3.2414331438106490E-04    5.1540066321099091E-08    4.7032093665557461E+01    3.5691167082498214E-03
      3.4104392629660446E-02    2.7978456430216559E-04    4.6456552898292648E-08    3.8874661432244807E+01    3.2170866471918050E-03
      3.4600452443299609E-02    2.4163532521173485E-04    4.1898556948655461E-08    3.2150587933687085E+01    2.9014483358509951E-03
      3.5103727613077257E-02    2.0881864330166275E-04    3.7811456096497163E-08    2.6606232951042102E+01    2.6184192095619467E-03
      3.5614323088765068E-02    1.8058110622595330E-04    3.4146171327304805E-08    2.2032919810925350E+01    2.3646005778838828E-03
      3.6132345346664339E-02    1.5627566073199236E-04    3.0858634455521178E-08    1.8258988442663910E+01    2.1369407470841137E-03
      3.6657902411809849E-02    1.3534676594426009E-04    2.7909302096677395E-08    1.5143242537757208E+01    1.9327013630183244E-03
      3.7191103880496679E-02    1.1731757516614795E-04    2.5262712684186585E-08    1.2569549091364120E+01    1.7494267348261777E-03
      3.7732060943134742E-02    1.0177887772206995E-04    2.2887083261962540E-08    1.0442389865819056E+01    1.5849159130774157E-03
      3.8280886407435689E-02    8.8379566424676872E-05    2.0753942973489649E-08    8.6831986696130361E+00    1.4371973091238015E-03
      3.8837694721937141E-02    7.6818426202929552E-05    1.8837800349085795E-08    7.2273469190583626E+00    1.3045056549543582E-03
      3.9402601999869016E-02    6.6837065744751952E-05    1.7115841668152438E-08    6.0216636968007844E+00    1.1852611149736421E-03
      3.9975726043367042E-02    5.8213837115370695E-05    1.5567657844178622E-08    5.0223962400941993E+00    1.0780503729625284E-03
      4.0557186368038511E-02    5.0758608569471771E-05    1.4174997445128523E-08    4.1935331504608717E+00    9.8160952889763103E-04
      4.1147104227885201E-02    4.4308273513967019E-05    1.2921543620799023E-08    3.5054261759703893E+00    8.9480865131314434E-04
      4.1745602640588991E-02    3.8722894093308599E-05    1.1792712861776930E-08    2.9336576472914926E+00    8.1663784148702757E-04
      4.2352806413165120E-02    3.3882391422363833E-05    1.0775473661411076E-08    2.4581099413272147E+00    7.4619467589827522E-04
      4.2968842167988713E-02    2.9683706316869366E-05    9.8581832927532297E-09    2.0622010295683073E+00    6.8267290313421677E-04
      4.3593838369199694E-02    2.6038364675352806E-05    9.0304410464061596E-09    1.7322565159104331E+00    6.2535228070513484E-04
      4.4227925349491944E-02    2.2870390634046607E-05    8.2829564026819725E-09    1.4569938087657541E+00    5.7358944605034098E-04
      4.4871235337292092E-02    2.0114518411002823E-05    7.6074307322459751E-09    1.2270983948632868E+00    5.2680972438324310E-04
      4.5523902484333460E-02    1.7714660522568800E-05    6.9964512335261002E-09    1.0348757453088240E+00    4.8449978392461961E-04
      4.6186062893631252E-02    1.5622595922859521E-05    6.4433959225814515E-09    8.7396531966885416E-01    4.4620105651163654E-04
      4.6857854647864655E-02    1.3796846698442911E-05    5.9423485919466827E-09    7.3910555019782676E-01    4.1150384855207970E-04
      4.7539417838171651E-02    1.2201716346126962E-05    5.4880227492484451E-09    6.2594067634706629E-01    3.8004207382207430E-04
      4.8230894593362737E-02    1.0806466459855011E-05    5.0756936343093758E-09    5.3086193440088070E-01    3.5148854569391118E-04
      4.8932429109559597E-02    9.5846119308193777E-06    4.7011374951584078E-09    4.5087695057423327E-01    3.2555077203850553E-04
      4.9644167680264778E-02    8.5133175912037371E-06    4.3605773790722621E-09    3.8350228953843862E-01    3.0196720128960704E-04
      5.0366258726868826E-02    6.8678104824930861E-06    3.6714752905773652E-09    2.9626002385474559E-01    2.5424732133419187E-04
      5.1098852829601096E-02    5.8231252273332671E-06    3.2531553086255389E-09    2.4054509538697566E-01    2.2527892948779219E-04
      5.1842102758930877E-02    5.4191421027435992E-06    3.1614405420656554E-09    2.1436631436646403E-01    2.1892774042096502E-04
      5.2596163507424999E-02    5.0283472596773208E-06    3.0633225421683695E-09    1.9047452078405958E-01    2.1213313153102461E-04
      5.3361192322069262E-02    4.6620335864706184E-06    2.9658987480644382E-09    1.6911130862712620E-01    2.0538659594934481E-04
      5.4137348737059374E-02    4.3197713302166572E-06    2.8698238087909996E-09    1.5005263813046463E-01    1.9873346770405689E-04
      5.4924794607069428E-02    4.0003485738295184E-06    2.7752741118391008E-09    1.3306576602117839E-01    1.9218596151637408E-04
      5.5723694141003942E-02    3.7024474125890677E-06    2.6823195572200346E-09    1.1793508566907557E-01    1.8574891791747956E-04
      5.6534213936240973E-02    3.4247723107771196E-06    2.5909968014636639E-09    1.0446515594994241E-01    1.7942487534867811E-04
      5.7356523013373226E-02    3.1660824193759263E-06    2.5013296383206345E-09    9.2479951825395645E-02    1.7321548151202069E-04
      5.8190792851454523E-02    2.9251999274553029E-06    2.4133359819948024E-09    8.1821334377374391E-02    1.6712197695469434E-04
      5.9037197423758986E-02    2.7010110505560349E-06    2.3270306137776003E-09    7.2347410326627754E-02    1.6114538527169976E-04
      5.9895913234060266E-02    2.4924644578809740E-06    2.2424263651945437E-09    6.3930960378055832E-02    1.5528659503799195E-04
      6.0767119353438530E-02    2.2985687649484504E-06    2.1595346544351126E-09    5.6457985847963549E-02    1.4954639695590713E-04
      6.1650997457622772E-02    2.1183897093402012E-06    2.0783657309838626E-09    4.9826383121674603E-02    1.4392550079571126E-04
      6.2547731864876319E-02    1.9510472639520422E-06    1.9989287796008094E-09    4.3944742147081169E-02    1.3842454259617513E-04
      6.3457509574433357E-02    1.7957127955029169E-06    1.9212319504409950E-09    3.8731260638896925E-02    1.3304408675033540E-04
      6.4380520305494612E-02    1.6516062984859709E-06    1.8452823280702264E-09    3.4112764117299771E-02    1.2778462385985395E-04
      6.5316956536790066E-02    1.5179937709964368E-06    1.7710859039644373E-09    3.0023823305446458E-02    1.2264656883061636E-04
      6.6267013546717365E-02    1.3941847690308507E-06    1.6986476051142342E-09    2.6405960254088479E-02    1.1763026285357857E-04
      6.7230889454063789E-02    1.2795300242020253E-06    1.6279712584177091E-09    2.3206932426275622E-02    1.1273597093899172E-04
      6.8208785259320712E-02    1.1734191706318391E-06    1.5590595375368911E-09    2.0380088287837564E-02    1.0796387823624546E-04
      6.9200904886599163E-02    1.0752785952177343E-06    1.4919139146930358E-09    1.7883787789753976E-02    1.0331408669572239E-04
      7.0207455226154472E-02    9.8456940369713071E-07    1.4265346170439172E-09    1.5680881324250190E-02    9.8786612047953415E-05
      7.1228646177530081E-02    9.0078549554359358E-07    1.3629205872969463E-09    1.3738241367651272E-02    9.4381381076101342E-05
      7.2264690693328623E-02    8.2345174138925250E-07    1.3010694484001425E-09    1.2026341593032085E-02    9.0098229170833193E-05
      7.3315804823619629E-02    7.5212225711719868E-07    1.2409774721477439E-09    1.0518878746483738E-02    8.5936898156278665E-05
      7.4382207760993302E-02    6.8637876929980008E-07    1.1826395517478525E-09    9.1924330431369036E-03    8.1897034390357131E-05
      7.5464121886269414E-02    6.2582906688983668E-07    1.1260491782090354E-09    8.0261632522506485E-03    7.7978187129564873E-05
      7.6561772814871323E-02    5.7010553458849278E-07    1.0711984207285600E-09    7.0015330179528466E-03    7.4179807170872780E-05
      7.7675389443874143E-02    5.1886376341012559E-07    1.0180779109401057E-09    6.1020652974374404E-03    7.0501245760890555E-05
      7.8805203999737894E-02    4.7178123443574777E-07    9.6667683124395614E-10    5.3131221063079121E-03    6.6941753787739822E-05
      7.9951452086733946E-02    4.2855607185002626E-07    9.1698290719499746E-10    4.6217070343245641E-03    6.3500481253928037E-05
      8.1114372736076884E-02    3.8890586162327990E-07    8.6898240399170467E-10    4.0162882442237435E-03    6.0176477033212907E-05
      8.2294208455770262E-02    3.5256653248967727E-07    8.2266012728599993E-10    3.4866398917881123E-03    5.6968688926684588E-05
      8.3491205281177844E-02    3.1929129592923636E-07    7.7799942824843311E-10    3.0237001067098760E-03    5.3875964013526241E-05
      8.4705612826330101E-02    2.8884964212708006E-07    7.3498221299003003E-10    2.6194438580593301E-03    5.0897049303470992E-05
      8.5937684335977288E-02    2.6102638907453141E-07    6.9358895650979816E-10    2.2667691937954234E-03    4.8030592702657766E-05
      8.7187676738399250E-02    2.3562078205223988E-07    6.5379872113777395E-10    1.9593954923955671E-03    4.5275144290800617E-05
      8.8455850698983818E-02    2.1244564092290996E-07    6.1558917951951530E-10    1.6917725000680766E-03    4.2629157912850108E-05
      8.9742470674584116E-02    1.9132655281220541E-07    5.7893664221799826E-10    1.4589990489292468E-03    4.0090993090407079E-05
      9.1047804968666851E-02    1.7210110787883869E-07    5.4381608998607508E-10    1.2567504614164303E-03    3.7658917256569769E-05
      9.2372125787262435E-02    1.5461817596524120E-07    5.1020121065364719E-10    1.0812137452325447E-03    3.5331108310346983E-05
      9.3715709295729227E-02    1.3873722206416440E-07    4.7806444063580496E-10    9.2902977296097165E-04    3.3105657491070339E-05
      9.5078835676343218E-02    1.2432765863540111E-07    4.4737701102233793E-10    7.9724172123940367E-04    3.0980572570063395E-05
      9.6461789186725405E-02    1.1126823291526485E-07    4.1810899821301314E-10    6.8324911734790736E-04    2.8953781357102394E-05
      9.7864858219119125E-02    9.9446447449749702E-08    3.9022937901307606E-10    5.8476690677750727E-04    2.7023135515744539E-05
      9.9288335360529487E-02    8.8758012166718673E-08    3.6370609005136898E-10    4.9978901462556513E-04    2.5186414677994792E-05
      1.0073251745373747E-01    7.9106326401230996E-08    3.3850609140100434E-10    4.2655592722076622E-04    2.3441330849996889E-05
      1.0219770565920203E-01    7.0401989363893239E-08    3.1459543423587072E-10    3.6352586853790464E-04    2.1785533097203235E-05
      1.0368420551786159E-01    6.2562337618809164E-08    2.9193933232439163E-10    3.0934918939255860E-04    2.0216612495272075E-05
      1.0519232701484992E-01    5.5511008212268802E-08    2.7050223714044474E-10    2.6284562654067632E-04    1.8732107331450723E-05
      1.0672238464413843E-01    4.9177526163101164E-08    2.5024791634478160E-10    2.2298412404785889E-04    1.7329508539363807E-05
      1.0827469747411866E-01    4.3496915085853101E-08    2.3113953533530990E-10    1.8886494099566335E-04    1.6006265346318284E-05
      1.0984958921413877E-01    3.8409329785096137E-08    2.1313974155758901E-10    1.5970379817805560E-04    1.4759791111751472E-05
      1.1144738828200780E-01    3.3859709717126465E-08    1.9621075123520786E-10    1.3481784213334035E-04    1.3587469333254358E-05
      1.1306842787248186E-01    2.9797452270515378E-08    1.8031443815002974E-10    1.1361322797120659E-04    1.2486659794546926E-05
      1.1471304602674634E-01    2.6176104869754330E-08    1.6541242407648880E-10    9.5574143242320556E-05    1.1454704827995484E-05
      1.1638158570290882E-01    2.2953074956175608E-08    1.5146617045002520E-10    8.0253113785111886E-05    1.0488935662593305E-05
      1.1807439484751776E-01    2.0089356947268828E-08    1.3843707082541545E-10    6.7262449276307476E-05    9.5866788266410109E-06
      1.1979182646812032E-01    1.7549275321254982E-08    1.2628654366904727E-10    5.6266701300356078E-05    8.7452625735524175E-06
      1.2153423870687685E-01    1.5300243015517898E-08    1.1497612500990889E-10    4.6976020296476460E-05    7.9620232978764041E-06
      1.2330199491524532E-01    1.3312534366523056E-08    1.0446756045477930E-10    3.9140309898021342E-05    7.2343119072901482E-06
      1.2509546372975242E-01    1.1559071857807710E-08    9.4722896072459795E-11    3.2544088092849346E-05    6.5595001162741647E-06
      1.2691501914886652E-01    1.0015225977967450E-08    8.5704567645567854E-11    2.7001974416618111E-05    5.9349866267420859E-06
      1.2876104061098900E-01    8.6586275239529489E-09    7.7375487786285056E-11    2.2354731161940037E-05    5.3582031607506247E-06
      1.3063391307357994E-01    7.4689917168987387E-09    6.9699130418158881E-11    1.8465794447135092E-05    4.8266203108104444E-06
      1.3253402709343451E-01    6.4279535273996214E-09    6.2639612133302804E-11    1.5218238027879202E-05    4.3377531738203570E-06
      1.3446177890812736E-01    5.5189136355857354E-09    5.6161769950421661E-11    1.2512119038332480E-05    3.8891667357609669E-06
      1.3641757051864131E-01    4.7268944774484254E-09    5.0231235013634495E-11    1.0262160486714403E-05    3.4784809752911302E-06
      1.3840180977319821E-01    4.0384058544775690E-09    4.4814501801307823E-11    8.3957303753166502E-06    3.1033756564155031E-06
      1.4041491045230881E-01    3.4413196066569471E-09    3.9878992437099408E-11    6.8510818216787838E-06    2.7615947819832862E-06
      1.4245729235506005E-01    2.9247528715261557E-09    3.5393115733147827E-11    5.5758225860293789E-06    2.4509506823914334E-06
      1.4452938138665714E-01    2.4789594726767236E-09    3.1326320630373935E-11    4.5255860051063580E-06    2.1693277162914288E-06
      1.4663160964723915E-01    2.0952290009982884E-09    2.7649143744972443E-11    3.6628785411982770E-06    1.9146855631534967E-06
      1.4876441552198649E-01    1.7657931703869876E-09    2.4333250772994690E-11    2.9560820156503469E-06    1.6850620905075348E-06
      1.5092824377253858E-01    1.4837390478430937E-09    2.1351471561816828E-11    2.3785911464830661E-06    1.4785757826199137E-06
      1.5312354562974240E-01    1.2429287739152980E-09    1.8677828701080047E-11    1.9080692787461371E-06    1.2934277203978433E-06
      1.5535077888774818E-01    1.0379254057009279E-09    1.6287559545450637E-11    1.5258072171562895E-06    1.1279031064514559E-06
      1.5761040799947562E-01    8.6392452977633653E-10    1.4157131639885374E-11    1.2161718669316648E-06    9.8037233328359370E-07
      1.5990290417346781E-01    7.1669130652348683E-10    1.2264251571842977E-11    9.6613298421486765E-07    8.4929159629980188E-07
      1.6222874547215360E-01    5.9250262125596877E-10    1.0587867335795479E-11    7.6485775455063509E-07    7.3320305754923427E-07
      1.6458841691154039E-01    4.8809403076605608E-10    9.1081643541739937E-12    6.0336417448471680E-07    6.3073457017768559E-07
      1.6698241056235552E-01    4.0061120634408057E-10    7.8065553513806440E-12    4.7422532449813749E-07    5.4059897720937866E-07
      1.6941122565265992E-01    3.2756558683808550E-10    6.6656643369847446E-12    3.7131760759510573E-07    4.6159300239351899E-07
      1.7187536867195427E-01    2.6679396694633215E-10    5.6693050024236612E-12    2.8960689928161599E-07    3.9259575418961326E-07
      1.7437535347679819E-01    2.1642175746365638E-10    4.8024538840446321E-12    2.2496732479257767E-07    3.3256686732523829E-07
      1.7691170139796733E-01    1.7482966550157292E-10    4.0512186912672740E-12    1.7402805901710054E-07    2.8054430954150267E-07
      1.7948494134916793E-01    1.4062355344970005E-10    3.4028022334243459E-12    1.3404414319685786E-07    2.3564188354978530E-07
      1.8209560993733337E-01    1.1260724630209167E-10    2.8454624146905541E-12    1.0278783972777937E-07    1.9704645670607990E-07
      1.8474425157452462E-01    8.9758067434854571E-11    2.3684687922254429E-12    7.8457509644509083E-08    1.6401495269010812E-07
      1.8743141859145823E-01    7.1204893215731015E-11    1.9620562114099343E-12    5.9601404001125001E-08    1.3587114077503199E-07
      1.9015767135268619E-01    5.6208527091916647E-11    1.6173760469311238E-12    4.5054116858366458E-08    1.1200225930368614E-07
      1.9292357837345039E-01    4.4144203770558386E-11    1.3264455823468196E-12    3.3883759398369733E-08    9.1855510255719837E-08
      1.9572971643823783E-01    3.4486044077001939E-11    1.0820960608882864E-12    2.5348187189003305E-08    7.4934461798832609E-08
      1.9857667072105856E-01    2.6793290806103593E-11    8.7791993040198914E-13    1.8858850152882081E-08    6.0795395034649629E-08
      2.0146503490747469E-01    2.0698165532338595E-11    7.0821778993342038E-13    1.3951041579207621E-08    4.9043630083501792E-08
      2.0439541131840380E-01    1.5895195869325894E-11    5.6794552418961681E-13    1.0259502139403265E-08    3.9329865179685264E-08
      2.0736841103572293E-01    1.2131871968153517E-11    4.5266208248295895E-13    7.4984905096367976E-09    3.1346560396638518E-08
      2.1038465402969958E-01    9.2005002337394572E-12    3.5847832541083633E-13    5.4455668486003216E-09    2.4824395312146899E-08
      2.1344476928827660E-01    6.9311312375697688E-12    2.8200732448758943E-13    3.9284515414224891E-09    1.9528827289565284E-08
      2.1654939494823705E-01    5.1854475615617499E-12    2.2031645668352066E-13    2.8144215682234427E-09    1.5256774055210084E-08
      2.1969917842827727E-01    3.8515058563602822E-12    1.7088159014679536E-13    2.0017926549594602E-09    1.1833441088832098E-08
      2.2289477656401521E-01    2.8392357002941135E-12    1.3154360988432182E-13    1.4131088010627028E-09    9.1093110547556894E-09
      2.2613685574496334E-01    2.0766058649820233E-12    1.0046748329021918E-13    9.8972343928379041E-10    6.9573091158429133E-09
      2.2942609205349229E-01    1.5063763062113135E-12    7.6104015929828066E-14    6.8750978030840198E-10    5.2701545459374859E-09
      2.3276317140581748E-01    1.0833616009950592E-12    5.7154399682539266E-14    4.7348308451633818E-10    3.9579057113752872E-09
      2.3614878969503536E-01    7.7213861484633758E-13    4.2537608860972147E-14    3.2315577939914936E-10    2.9457022730399494E-09
      2.3958365293624048E-01    5.4513787837819656E-13    3.1360655553640147E-14    2.1847846712127249E-10    2.1717053878206517E-09
      2.4306847741375354E-01    3.8106448486868537E-13    2.2891674987982549E-14    1.4624680272481602E-10    1.5852338871746086E-09
      2.4660398983049048E-01    2.6360024849002864E-13    1.6535774283058703E-14    9.6876702164991825E-11    1.1450918186605463E-09
      2.5019092745950455E-01    1.8034440710312092E-13    1.1813545588124535E-14    6.3469026146899504E-11    8.1808049449454205E-10
      2.5383003829773271E-01    1.2195530370994410E-13    8.3421176393781043E-15    4.1100345588696498E-11    5.7768632394447066E-10
      2.5752208122197773E-01    8.1460207188360453E-14    5.8185967023657616E-15    2.6289112030950383E-11    4.0293410915692613E-10
      2.6126782614715954E-01    5.3704762068331916E-14    4.0057300173195640E-15    1.6596970762170580E-11    2.7739424789409584E-10
      2.6506805418686868E-01    3.4917512795582799E-14    2.7196136339349263E-15    1.0333440861069462E-11    1.8833150893497269E-10
      2.6892355781625438E-01    2.2368496919800389E-14    1.8192589380891972E-15    6.3390486481904529E-12    1.2598252070756192E-10
      2.7283514103728229E-01    1.4104071363028256E-14    1.1978285161969210E-15    3.8275194351705087E-12    8.2948860487328801E-11
      2.7680361954639610E-01    8.7429758983386493E-15    7.7535451858221159E-16    2.2720496331168240E-12    5.3692805706691508E-11
      2.8082982090461706E-01    5.3211223235145413E-15    4.9275769310032519E-16    1.3241811495450472E-12    3.4123155849394800E-11
      2.8491458471011949E-01    3.1747623178179262E-15    3.0699301356297541E-16    7.5655586192002996E-13    2.1259070316233422E-11
      2.8905876277331366E-01    1.8535681925491553E-15    1.8715894508552764E-16    4.2298403645608372E-13    1.2960637532779228E-11
      2.9326321929447768E-01    1.0567702333230219E-15    1.1142035751010815E-16    2.3093066490415192E-13    7.7157886672276040E-12
      2.9752883104397232E-01    5.8685287110430108E-16    6.4608819685260172E-17    1.2280495581229360E-13    4.4741195403654761E-12
      3.0185648754507677E-01    3.1645334348128186E-16    3.6378662419957636E-17    6.3413536411083129E-14    2.5191991616374359E-12
      3.0624709125948441E-01    1.6505668676020836E-16    1.9812505385088805E-17    3.1673133636884154E-14    1.3720033567993682E-12
      3.1070155777549596E-01    8.2853578544912116E-17    1.0384364634833133E-17    1.5224912529441238E-14    7.1911062534991175E-13
      3.1522081599895091E-01    3.9754775030543507E-17    5.2024862117717520E-18    6.9954951650785448E-15    3.6026885078478319E-13
      3.1980580834693517E-01    1.8059438459021811E-17    2.4675473605555516E-18    3.0431196480349527E-15    1.7087608033114298E-13
      3.2445749094430676E-01    7.6435523131570381E-18    1.0903506233267220E-18    1.2333764546557985E-15    7.5506084980975290E-14
      3.2917683382308022E-01    2.9620649550035134E-18    4.4124033323150502E-19    4.5769968584251072E-16    3.0555611548477733E-14
      3.3396482112471049E-01    1.1498844949778236E-18    1.7816526683974873E-19    1.7014762041438018E-16    1.2337831052561490E-14
      3.3882245130531957E-01    2.0538044134907486E-24    3.3270707532131622E-25    2.9101566675814097E-22    2.3039752686467221E-20
      3.4375073734390826E-01    9.8269573305496552E-25    1.6740547402159393E-25    1.3334047029096512E-22    1.1592722265053748E-20
      3.4875070695359611E-01    1.0664948018208459E-24    1.8919141854743926E-25    1.3857576364007739E-22    1.3101385023222668E-20
      3.5382340279593438E-01    3.8167654145705625E-25    6.9939844281366646E-26    7.4071529648955454E-23    4.8432895922531523E-21
      3.5896988269833557E-01    1.5316269139619342E-27    2.9942837534397685E-28    2.0764418650448406E-25    2.0735223946089342E-23
      3.6419121987466652E-01    4.1217992001498833E-27    8.3244036202768707E-28    4.7029703847666587E-25    5.7645963942391568E-23
      3.6948850314904863E-01    2.0620742419391996E-27    4.3446865645224484E-28    2.2530733775276416E-25    3.0086677252096530E-23
      3.7486283718291580E-01    1.6988621659741056E-28    3.6784390729858537E-29    8.6921179224460793E-26    2.5472955882282657E-24
      3.8031534270537176E-01    1.1176566039937385E-29    2.5805648269153080E-30    1.1198263379485736E-27    1.7870246776719367E-25
      3.8584715674690045E-01    1.0372473376857917E-29    2.4928219741398630E-30    9.9519971549992327E-28    1.7262633119570957E-25
      3.9145943287647533E-01    1.2422896477232936E-30    3.0706741028363376E-31    3.0769728555683549E-28    2.1264222241671129E-26
      3.9715334144211678E-01    4.9389414943980212E-31    1.2980021776877068E-31    4.3454328842412082E-29    8.9885822631030241E-27
      4.0293006981494905E-01    1.6887799981054611E-31    4.5427271987526073E-32    6.1721801685928990E-29    3.1458096008408639E-27
