      1.5739455852146610E-03    6.1064096963294880E-02    9.9733923388341991E-10    8.6315864609199643E+07    6.9065105606765185E-05
      1.5968391509250449E-03    6.3735103772881038E-02    1.0870512214902930E-09    8.6271829658219963E+07    7.5277603508944118E-05
      1.6200657112166008E-03    6.6521712677882427E-02    1.1848110023914169E-09    8.6226222174258351E+07    8.2047405961957392E-05
      1.6436301096070438E-03    6.9428834273979390E-02    1.2913378307844901E-09    8.6178997031559482E+07    8.9424320860084571E-05
      1.6675372600646770E-03    7.2461582412481351E-02    1.4074149447142889E-09    8.6130109854405493E+07    9.7462586938191337E-05
      1.6917921480331182E-03    7.5625282305765387E-02    1.5338952268041264E-09    8.6079516981265724E+07    1.0622126577377113E-04
      1.7163998314709326E-03    7.8925478906642227E-02    1.6717073612367387E-09    8.6027175396295816E+07    1.1576466815394326E-04
      1.7413654419063864E-03    8.2367945570393092E-02    1.8218625307056151E-09    8.5973042636573851E+07    1.2616281783505958E-04
      1.7666941855075436E-03    8.5958692989491395E-02    1.9854616995423156E-09    8.5917076663171560E+07    1.3749195589462425E-04
      1.7923913441679267E-03    8.9703978376075313E-02    2.1637035330346524E-09    8.5859235675216109E+07    1.4983508913902506E-04
      1.8184622766079673E-03    9.3610314904754521E-02    2.3578930077992901E-09    8.5799477889240429E+07    1.6328258636634231E-04
      1.8449124194924822E-03    9.7684481416454791E-02    2.5694507713391127E-09    8.5737761291365221E+07    1.7793282650972449E-04
      1.8717472885643974E-03    1.0193353236890793E-01    2.7999233174525454E-09    8.5674043356786549E+07    1.9389290327799180E-04
      1.8989724797949684E-03    1.0636480803895601E-01    3.0509940421545175E-09    8.5608280750759572E+07    2.1127939077110859E-04
      1.9265936705507262E-03    1.1098594494786161E-01    3.3244952595305062E-09    8.5540428996817410E+07    2.3021917557040938E-04
      1.9546166207773997E-03    1.1580488649031123E-01    3.6224212538045597E-09    8.5470442111773819E+07    2.5085036058598175E-04
      1.9830471742010576E-03    1.2082989380595602E-01    3.9469424586458592E-09    8.5398272251272351E+07    2.7332324696459879E-04
      2.0118912595467218E-03    1.2606955448360019E-01    4.3004207755908892E-09    8.5323867740563273E+07    2.9780139488068061E-04
      2.0411548917747052E-03    1.3153280533360076E-01    4.6854266904012057E-09    8.5247180501934767E+07    3.2446280883314919E-04
      2.0708441733349298E-03    1.3722894908551039E-01    5.1047576893193601E-09    8.5168167660827070E+07    3.5350121295940059E-04
      2.1009652954395055E-03    1.4316765785816143E-01    5.5614577715549144E-09    8.5086784530372828E+07    3.8512740226251174E-04
      2.1315245393537866E-03    1.4935898806474168E-01    6.0588390316001471E-09    8.5002985492613137E+07    4.1957073717283305E-04
      2.1625282777062381E-03    1.5581339534731473E-01    6.6005050958258432E-09    8.4916724461636394E+07    4.5708076651729328E-04
      2.1939829758173416E-03    1.6254175018674891E-01    7.1903765980244159E-09    8.4827955354829580E+07    4.9792899168450634E-04
      2.2258951930478298E-03    1.6955535420087472E-01    7.8327188698594123E-09    8.4736632555062711E+07    5.4241078417073194E-04
      2.2582715841665347E-03    1.7686595735504376E-01    8.5321720490952606E-09    8.4642711451465100E+07    5.9084747055557565E-04
      2.2911189007381290E-03    1.8448577622559317E-01    9.2937838209866997E-09    8.4546149076906115E+07    6.4358859982231655E-04
      2.3244439925310563E-03    1.9242751343449183E-01    1.0123045032010335E-08    8.4446904838450789E+07    7.0101440958609455E-04
      2.3582538089459352E-03    2.0070437842804012E-01    1.1025928435869456E-08    8.4344941354085982E+07    7.6353850923002264E-04
      2.3925554004647445E-03    2.0933010972719082E-01    1.2008930859614380E-08    8.4240225378629535E+07    8.3161079988211691E-04
      2.4273559201210856E-03    2.1831897005539116E-01    1.3079117364653760E-08    8.4132717730404317E+07    9.0572053253715407E-04
      2.4626626249918274E-03    2.2768570611196073E-01    1.4244166710490434E-08    8.4022352396801502E+07    9.8639945639137001E-04
      2.4984828777104549E-03    2.3744556436021227E-01    1.5512423690925208E-08    8.3909040682659417E+07    1.0742254430911808E-03
      2.5348241480024213E-03    2.4761431801955436E-01    1.6892956522011775E-08    8.3792678604726374E+07    1.1698264608124445E-03
      2.5716940142428402E-03    2.5820823504662632E-01    1.8395614941417816E-08    8.3673133726140812E+07    1.2738845976041475E-03
      2.6091001650368219E-03    2.6924409498860330E-01    2.0031096152782122E-08    8.3550250790701360E+07    1.3871406279930608E-03
      2.6470504008228308E-03    2.8073922754688840E-01    2.1811017829077763E-08    8.3423863045839190E+07    1.5103990684200601E-03
      2.6855526354993054E-03    2.9271151654998517E-01    2.3747994619025313E-08    8.3293791412251756E+07    1.6445334752604292E-03
      2.7246148980749922E-03    3.0517940160971258E-01    2.5855720532458827E-08    8.3159843542636305E+07    1.7904921499578865E-03
      2.7642453343432599E-03    3.1816187704560872E-01    2.8149057575767874E-08    8.3021812766950905E+07    1.9493042769723947E-03
      2.8044522085807697E-03    3.3167848744477352E-01    3.0644130983264785E-08    8.2879476880834684E+07    2.1220865184915809E-03
      2.8452439052708551E-03    3.4574937084209922E-01    3.3358436419783996E-08    8.2732609113596380E+07    2.3100504381423437E-03
      2.8866289308519676E-03    3.6039529639659063E-01    3.6310955649825878E-08    8.2580985589108437E+07    2.5145105110052587E-03
      2.9286159154915553E-03    3.7563763150888352E-01    3.9522274518667512E-08    8.2424375692437083E+07    2.7368922937312259E-03
      2.9712136148857429E-03    3.9149831158537962E-01    4.3014709773351584E-08    8.2262535549845010E+07    2.9787412068140334E-03
      3.0144309120851863E-03    4.0799985114854875E-01    4.6812449810420289E-08    8.2095211864155054E+07    3.2417322812811288E-03
      3.0582768193474900E-03    4.2516542994920981E-01    5.0941715462549140E-08    8.1922159804912373E+07    3.5276812930654213E-03
      3.1027604800165642E-03    4.4301897236951115E-01    5.5430934113292616E-08    8.1743155621274412E+07    3.8385568203403264E-03
      3.1478911704293172E-03    4.6158509738777359E-01    6.0310912165235470E-08    8.1557983236239910E+07    4.1764921868292035E-03
      3.1936783018500850E-03    4.8088904624127604E-01    6.5615016710824703E-08    8.1366420202418327E+07    4.5437980423945574E-03
      3.2401314224331963E-03    5.0095666227176139E-01    7.1379376673679245E-08    8.1168235756883249E+07    4.9429762919453949E-03
      3.2872602192140820E-03    5.2181436744878118E-01    7.7643098187951887E-08    8.0963189310395271E+07    5.3767350103206268E-03
      3.3350745201293479E-03    5.4348913969961987E-01    8.4448495703009671E-08    8.0751029974301964E+07    5.8480044461407202E-03
      3.3835842960662278E-03    5.6600848867742770E-01    9.1841339515430726E-08    8.0531496589424685E+07    6.3599541632405523E-03
      3.4327996629418562E-03    5.8940042455102415E-01    9.9871119846208522E-08    8.0304317445890158E+07    6.9160113278473150E-03
      3.4827308838127637E-03    6.1369342404010541E-01    1.0859132902865106E-07    8.0069210397043809E+07    7.5198802499124784E-03
      3.5333883710150786E-03    6.3891635712734252E-01    1.1805975604602135E-07    7.9825878755763233E+07    8.1755627796554799E-03
      3.5847826883358444E-03    6.6509836624884688E-01    1.2833879091476782E-07    7.9574003306121379E+07    8.8873793859082124E-03
      3.6369245532159255E-03    6.9226887343157761E-01    1.3949577263308234E-07    7.9313251910107106E+07    9.6599932513306685E-03
      3.6898248389849544E-03    7.2045778121358328E-01    1.5160340293286556E-07    7.9043309093865409E+07    1.0498438924470551E-02
      3.7434945771287849E-03    7.4969548556598942E-01    1.6474015596071005E-07    7.8763879316861272E+07    1.1408150689909958E-02
      3.7979449595899272E-03    7.8001255277551451E-01    1.7899064128694447E-07    7.8474655807523698E+07    1.2394987706410088E-02
      3.8531873411014423E-03    8.1143938370410618E-01    1.9444597606455552E-07    7.8175296227339715E+07    1.3465259778679121E-02
      3.9092332415547890E-03    8.4400636128749984E-01    2.1120428900917279E-07    7.7865450058565244E+07    1.4625762257664624E-02
      3.9660943484021056E-03    8.7774414915631205E-01    2.2937130395239925E-07    7.7544794023601234E+07    1.5883816451249352E-02
      4.0237825190934332E-03    9.1268369163781393E-01    2.4906089751507762E-07    7.7213034218747526E+07    1.7247308242769127E-02
      4.0823097835494000E-03    9.4885546402762011E-01    2.7039548066719261E-07    7.6869847038405329E+07    1.8724714513792626E-02
      4.1416883466698562E-03    9.8628909131760734E-01    2.9350647848731708E-07    7.6514863710574150E+07    2.0325136367156910E-02
      4.2019305908790076E-03    1.0250137953090377E+00    3.1853507254080461E-07    7.6147721879797131E+07    2.2058350536183605E-02
      4.2630490787075696E-03    1.0650583793330832E+00    3.4563286766544764E-07    7.5768073234395728E+07    2.3934855559160289E-02
      4.3250565554124728E-03    1.1064511020360308E+00    3.7496256332041694E-07    7.5375582401337594E+07    2.5965918269826214E-02
      4.3879659516346762E-03    1.1492195279869744E+00    4.0669865115986602E-07    7.4969925189200819E+07    2.8163622103899322E-02
      4.4517903860956526E-03    1.1933905433006022E+00    4.4102820736661140E-07    7.4550798203153610E+07    3.0540921967678068E-02
      4.5165431683330615E-03    1.2389908157314837E+00    4.7815190695450307E-07    7.4117953276089579E+07    3.3111714477833412E-02
      4.5822378014762502E-03    1.2860475247844996E+00    5.1828524501964367E-07    7.3671239034616098E+07    3.5890922532276541E-02
      4.6488879850621039E-03    1.3345884665635170E+00    5.6165963087284855E-07    7.3210597085920393E+07    3.8894571078133655E-02
      4.7165076178918618E-03    1.3846408575611813E+00    6.0852299367963462E-07    7.2735989146185398E+07    4.2139829051928715E-02
      4.7851108009294811E-03    1.4362301924858176E+00    6.5914035549499528E-07    7.2247343722001463E+07    4.5645049061876067E-02
      4.8547118402421626E-03    1.4893798428827811E+00    7.1379468590903697E-07    7.1744552181391209E+07    4.9429826571545418E-02
      4.9253252499836470E-03    1.5441106208477551E+00    7.7278774457480719E-07    7.1227465779470176E+07    5.3515058244376391E-02
      4.9969657554209020E-03    1.6004403042646380E+00    8.3644089900305649E-07    7.0695893479074255E+07    5.7922998575443967E-02
      5.0696482960048347E-03    1.6583835795201054E+00    9.0509615517513343E-07    7.0149619877347976E+07    6.2677331260743971E-02
      5.1433880284856718E-03    1.7179521644336371E+00    9.7911732328319586E-07    6.9588427903845251E+07    6.7803249923958850E-02
      5.2182003300736447E-03    1.7791539506390492E+00    1.0588906595160970E-06    6.9012079344512165E+07    7.3327502559720814E-02
      5.2941008016456625E-03    1.8419912955117095E+00    1.1448248912418080E-06    6.8420269813707337E+07    7.9278393277478557E-02
      5.3711052709986117E-03    1.9064591201286463E+00    1.2373508655431821E-06    6.7812589917719156E+07    8.5685757962823142E-02
      5.4492297961499844E-03    1.9725444399966681E+00    1.3369218474569866E-06    6.7188548008886755E+07    9.2580984930350677E-02
      5.5284906686865155E-03    2.0402268831139931E+00    1.4440143816988537E-06    6.6547623439698711E+07    9.9997074597565405E-02
      5.6089044171615358E-03    2.1094779540416373E+00    1.5591282635539936E-06    6.5889270762450069E+07    1.0796863746908004E-01
      5.6904878105417060E-03    2.1802600088810813E+00    1.6827860871790836E-06    6.5212916599616393E+07    1.1653186285680993E-01
      5.7732578617039308E-03    2.2525259087855489E+00    1.8155330431232703E-06    6.4517979102526449E+07    1.2572450485843156E-01
      5.8572318309831062E-03    2.3262186255318764E+00    1.9579364741520855E-06    6.3803883666886479E+07    1.3558585159847214E-01
      5.9424272297714797E-03    2.4012705142423068E+00    2.1105849021281555E-06    6.3070067991714910E+07    1.4615665784041959E-01
      6.0288618241703673E-03    2.4776026942351934E+00    2.2740868056079755E-06    6.2315990289536580E+07    1.5747906033607922E-01
      6.1165536386949756E-03    2.5551248662411457E+00    2.4490694449636212E-06    6.1541147536005720E+07    1.6959649646600175E-01
      6.2055209600331233E-03    2.6337352870143129E+00    2.6361775303448664E-06    6.0745094132245660E+07    1.8255361199670977E-01
      6.2957823408586293E-03    2.7133200356888740E+00    2.8360708379758203E-06    5.9927441125596568E+07    1.9639609601076111E-01
      6.3873566037001648E-03    2.7937519023290469E+00    3.0494208773404062E-06    5.9087848070923977E+07    2.1117045011146926E-01
      6.4802628448663866E-03    2.8748896936601795E+00    3.2769073152928755E-06    5.8226025823231801E+07    2.2692374079483835E-01
      6.5745204384281587E-03    2.9565793644187197E+00    3.5192158965089937E-06    5.7341774614930138E+07    2.4370345544213440E-01
      6.6701490402586907E-03    3.0386563678526746E+00    3.7770376706078169E-06    5.6435035568900153E+07    2.6155744879856163E-01
      6.7671685921324564E-03    3.1209440380737696E+00    4.0510632434146453E-06    5.5505857947734341E+07    2.8053354487688970E-01
      6.8655993258837133E-03    3.2032481046655548E+00    4.3419707077906017E-06    5.4554306787901573E+07    3.0067870117510292E-01
      6.9654617676255283E-03    3.2853542293850349E+00    4.6504152492064636E-06    5.3580441943162940E+07    3.2203828886901975E-01
      7.0667767420301572E-03    3.3670284407006781E+00    4.9770211281908149E-06    5.2584348693747230E+07    3.4465553760194317E-01
      7.1695653766716888E-03    3.4480144801243586E+00    5.3223678952379504E-06    5.1566115924406752E+07    3.6857058087582822E-01
      7.2738491064318388E-03    3.5280330721236943E+00    5.6869774544778076E-06    5.0525848145077690E+07    3.9381956021867875E-01
      7.3796496779698975E-03    3.6067847266234816E+00    6.0713052184127497E-06    4.9463724213877708E+07    4.2043401265571323E-01
      7.4869891542575584E-03    3.6839513571101032E+00    6.4757287844679754E-06    4.8380026571979329E+07    4.4844008656770545E-01
      7.5958899191798414E-03    3.7592067389891795E+00    6.9005520253901794E-06    4.7275273632103130E+07    4.7785882494848181E-01
      7.7063746822028725E-03    3.8322318714029437E+00    7.3460217679555475E-06    4.6150376074798658E+07    5.0870732039480848E-01
      7.8184664831095659E-03    3.9027060327961722E+00    7.8123020347000059E-06    4.5006467905404918E+07    5.4099693136264593E-01
      7.9321886968041957E-03    3.9702911701296966E+00    8.2994294256524331E-06    4.3844697127484158E+07    5.7473019238064171E-01
      8.0475650381868526E-03    4.0346617333601023E+00    8.8073581605033040E-06    4.2666544462951332E+07    6.0990393319157099E-01
      8.1646195670987860E-03    4.0954491942275721E+00    9.3358234777826449E-06    4.1473196531103946E+07    6.4649981923256539E-01
      8.2833766933396984E-03    4.1522402493891049E+00    9.8843028231027469E-06    4.0265589923428439E+07    6.8448166394568555E-01
      8.4038611817580013E-03    4.2046050613537247E+00    1.0452042419712856E-05    3.9044730213828772E+07    7.2379726877187944E-01
      8.5260981574151254E-03    4.2521171527684798E+00    1.1038078416098989E-05    3.7811862016654074E+07    7.6437988760877673E-01
      8.6501131108249318E-03    4.2943393342996421E+00    1.1641174811375506E-05    3.6568304708198994E+07    8.0614392818366198E-01
      8.7759319032693454E-03    4.3308167825857442E+00    1.2259770879305838E-05    3.5315381688574813E+07    8.4898131120045417E-01
      8.9035807721912965E-03    4.3610888822033065E+00    1.2891975096986991E-05    3.4054511642093182E+07    8.9276104990498306E-01
      9.0330863366661143E-03    4.3846959788698481E+00    1.3535548640751494E-05    3.2787237762923524E+07    9.3732810718672954E-01
      9.1644756029524918E-03    4.4011849426445471E+00    1.4187887266424694E-05    3.1515237743590500E+07    9.8250214079820375E-01
      9.2977759701242009E-03    4.4101152651255058E+00    1.4846006736198005E-05    3.0240330621256087E+07    1.0280764941752163E+00
      9.4330152357837167E-03    4.4110656031663948E+00    1.5506532560300632E-05    2.8964480038540103E+07    1.0738174860541903E+00
      9.5702216018589466E-03    4.4036366299408298E+00    1.6165679919141481E-05    2.7689768229238376E+07    1.1194630200932985E+00
      9.7094236804843095E-03    4.3874600994890400E+00    1.6819258796198338E-05    2.6418408436552107E+07    1.1647229403217643E+00
      9.8506504999672766E-03    4.3622143562791882E+00    1.7462712163782437E-05    2.5152786140250914E+07    1.2092816754796945E+00
      9.9939315108417866E-03    4.3272382247762868E+00    1.8089479707366849E-05    2.3893266417231761E+07    1.2526849279718253E+00
      1.0139296592009652E-02    4.2815619464202053E+00    1.8690789350690228E-05    2.2638757004999697E+07    1.2943252371139700E+00
      1.0286776056971326E-02    4.2253323003073060E+00    1.9261793090266895E-05    2.1394238896536872E+07    1.3338668817579529E+00
      1.0436400660147272E-02    4.1591775015742751E+00    1.9799470863366907E-05    2.0166431328459129E+07    1.3711007244866380E+00
      1.0588201603291308E-02    4.0832040759669601E+00    2.0298191802950629E-05    1.8958689249972843E+07    1.4056368313502343E+00
      1.0742210541997204E-02    3.9976182736282544E+00    2.0752364272778839E-05    1.7774368053250037E+07    1.4370879851068479E+00
      1.0898459592299951E-02    3.9027207489885911E+00    2.1156487839727150E-05    1.6616744792397629E+07    1.4650732842720968E+00
      1.1056981337373022E-02    3.7988240675187157E+00    2.1504775484980579E-05    1.5488639747081146E+07    1.4891919814853778E+00
      1.1217808834323061E-02    3.6863202151236045E+00    2.1791556253036788E-05    1.4392716827521596E+07    1.5090513666964347E+00
      1.1380975621083403E-02    3.5657721021435118E+00    2.2011927344237441E-05    1.3331804335441519E+07    1.5243119241570975E+00
      1.1546515723407853E-02    3.4378206231325552E+00    2.2161380580744450E-05    1.2308473248654302E+07    1.5346614654284638E+00
      1.1714463661966204E-02    3.3031595308257709E+00    2.2235764758688773E-05    1.1324946209096828E+07    1.5398125222912258E+00
      1.1884854459542953E-02    3.1625791120093245E+00    2.2231699397774831E-05    1.0383257448533813E+07    1.5395309986417873E+00
      1.2057723648340726E-02    3.0169635054539672E+00    2.2146744161685369E-05    9.4852308719229531E+06    1.5336479027472043E+00
      1.2233107277389941E-02    2.8672620916259008E+00    2.1979389108313093E-05    8.6323863138991352E+06    1.5220586720799454E+00
      1.2411041920066238E-02    2.7144713708232500E+00    2.1729098724903417E-05    7.8259012851891108E+06    1.5047262227234333E+00
      1.2591564681717236E-02    2.5596531850675968E+00    2.1396644451671034E-05    7.0666869154977882E+06    1.4817039764203275E+00
      1.2774713207400307E-02    2.4039407491009879E+00    2.0984385837482519E-05    6.3554178538531289E+06    1.4531553304241582E+00
      1.2960525689732752E-02    2.2483649556631358E+00    2.0494961520938648E-05    5.6921034334458876E+06    1.4192630087744793E+00
      1.3149040876856297E-02    2.0939773836712656E+00    1.9932416677888724E-05    5.0764906156529039E+06    1.3803071373178815E+00
      1.3340298080517361E-02    1.9418115277848236E+00    1.9302013180679180E-05    4.5080040885010939E+06    1.3366520973570846E+00
      1.3534337184264889E-02    1.7928527205141791E+00    1.8610053370457410E-05    3.9857262422866193E+06    1.2887343219954166E+00
      1.3731198651767402E-02    1.6480179127693728E+00    1.7863737524710335E-05    3.5084105206458429E+06    1.2370524258548010E+00
      1.3930923535251034E-02    1.5081379446165060E+00    1.7070993932857504E-05    3.0745047543522473E+06    1.1821554379189971E+00
      1.4133553484060292E-02    1.3739428113209666E+00    1.6240286861660653E-05    2.6821828634723127E+06    1.1246295032607367E+00
      1.4339130753343353E-02    1.2460507894006609E+00    1.5380415152787861E-05    2.3293840492954883E+06    1.0650839360515447E+00
      1.4547698212863678E-02    1.1249617617613963E+00    1.4500311714932578E-05    2.0138575086244741E+06    1.0041373345189140E+00
      1.4759299355939797E-02    1.0110554790704620E+00    1.3608862887505890E-05    1.7332116127044703E+06    9.4240507199724521E-01
      1.4973978308515117E-02    9.0431780471515666E-01    1.2710840883486308E-05    1.4845106239389521E+06    8.8021762119045066E-01
      1.5191779838359684E-02    8.0454397490200891E-01    1.1808876537212142E-05    1.2647294763036757E+06    8.1775716569788759E-01
      1.5412749364405745E-02    7.1216436657800941E-01    1.0915567836446581E-05    1.0720467356733000E+06    7.5589610813417063E-01
      1.5636932966219132E-02    6.2770599810020944E-01    1.0046862463242879E-05    9.0484748339112732E+05    6.9573881530627091E-01
      1.5864377393608395E-02    5.5117524658532024E-01    9.2123914566651170E-06    7.6084192302167276E+05    6.3795223052441374E-01
      1.6095130076373705E-02    4.8200633899701123E-01    8.4128467408845445E-06    6.3715207907631714E+05    5.8258426909598460E-01
      1.6329239134197544E-02    4.1969222746312163E-01    7.6494271395552803E-06    5.3125974119909259E+05    5.2971794879413692E-01
      1.6566753386679369E-02    3.6401441423821562E-01    6.9282793494215697E-06    4.4124539554549917E+05    4.7977892444658782E-01
      1.6807722363515975E-02    3.1466861565635151E-01    6.2541665688304743E-06    3.6525877656109130E+05    4.3309704449977299E-01
      1.7052196314830223E-02    2.7105518177763704E-01    5.6257737792083467E-06    3.0129406023074652E+05    3.8958124475649814E-01
      1.7300226221649832E-02    2.3261042940092513E-01    5.0415288263483907E-06    2.4759830320981116E+05    3.4912265454103586E-01
      1.7551863806538660E-02    1.9887800587995846E-01    4.5012014829498080E-06    2.0271732330477401E+05    3.1170533075969936E-01
      1.7807161544382562E-02    1.6941892354878144E-01    4.0041686909117330E-06    1.6536806690431590E+05    2.7728612703653810E-01
      1.8066172673332201E-02    1.4380912259930179E-01    3.5493246926327648E-06    1.3441935079031630E+05    2.4578847036316967E-01
      1.8328951205904956E-02    1.2163778988211733E-01    3.1349933737153893E-06    1.0887533461717350E+05    2.1709629088698976E-01
      1.8595551940248371E-02    1.0251536660649722E-01    2.7590896446842439E-06    8.7868978291079984E+04    1.9106519749219444E-01
      1.8866030471567402E-02    8.6085459073405604E-02    2.4194425993701755E-06    7.0658112609749936E+04    1.6754485631168906E-01
      1.9140443203717876E-02    7.2023320706809113E-02    2.1138164227811707E-06    5.6609718996571581E+04    1.4638043858381011E-01
      1.9418847360968602E-02    6.0033388888124761E-02    1.8399053420697208E-06    4.5185213982389614E+04    1.2741227101003672E-01
      1.9701300999934536E-02    4.9848792321251292E-02    1.5953854169422071E-06    3.5928885830696294E+04    1.1047942220779648E-01
      1.9987863021683556E-02    4.0637191904277371E-02    1.3579909257370766E-06    2.8047775572469451E+04    9.4040005158388479E-02
      2.0278593184019290E-02    3.2024298666294540E-02    1.1174180373430005E-06    2.1166058229284783E+04    7.7380486131582021E-02
      2.0573552113942635E-02    2.4954545182932230E-02    9.0932264645664923E-07    1.5794127634625538E+04    6.2970013085329735E-02
      2.0872801320294510E-02    1.9704064995598160E-02    7.4982558341639722E-07    1.1942285267784973E+04    5.1924943234872484E-02
      2.1176403206582577E-02    1.5760734622079619E-02    6.2634566346778494E-07    9.1473161912846335E+03    4.3374037563229488E-02
      2.1484421083994374E-02    1.2756760184740163E-02    5.2943190859655661E-07    7.0899512900722912E+03    3.6662821872990303E-02
      2.1796919184599865E-02    1.0435293561808194E-02    4.5227648080846374E-07    5.5538373452435717E+03    3.1319857726707985E-02
      2.2113962674746006E-02    8.6135682282686039E-03    3.8986093151272049E-07    4.3899260946722961E+03    2.6997620761428177E-02
      2.2435617668646084E-02    7.1657107477839030E-03    3.3869745284161760E-07    3.4971882406491573E+03    2.3454582507663614E-02
      2.2761951242166768E-02    6.0047078501628730E-03    2.9639430776351135E-07    2.8063203373869965E+03    2.0525116701990483E-02
      2.3093031446815668E-02    5.0655352192095953E-03    2.6111243732821985E-07    2.2670250854647779E+03    1.8081869685496948E-02
      2.3428927323932369E-02    4.2988857745978751E-03    2.3140955548019397E-07    1.8423516069250204E+03    1.6024964069068576E-02
      2.3769708919085863E-02    3.6676513103442512E-03    2.0617479086097830E-07    1.5051863699688481E+03    1.4277472719909725E-02
      2.4115447296681414E-02    3.1438241860764762E-03    1.8455552684256482E-07    1.2355095683028374E+03    1.2780352480532076E-02
      2.4466214554779844E-02    2.7061735018956770E-03    1.6589949178771063E-07    1.0184251715699502E+03    1.1488433956230214E-02
      2.4822083840132431E-02    2.3383234600318635E-03    1.4969731646292513E-07    8.4268196598722898E+02    1.0366443652581499E-02
      2.5183129363434451E-02    2.0043032778946368E-03    1.3398546624788092E-07    6.9168470904649917E+02    9.2784080499366435E-03
      2.5549426414800593E-02    1.7114721503601765E-03    1.1947923668620171E-07    5.6558801755197317E+02    8.2738609083063321E-03
      2.5921051379465480E-02    1.4702714180016895E-03    1.0718710872692649E-07    4.6527905564359253E+02    7.4226388899630239E-03
      2.6298081753712545E-02    1.2710116979994467E-03    9.6765143375447019E-08    3.8516885423368171E+02    6.7009244389760140E-03
      2.6680596161034676E-02    1.1046401697905946E-03    8.7823765103913050E-08    3.2055907141895278E+02    6.0817396986054028E-03
      2.7068674368529735E-02    9.6451005508442099E-04    8.0079117451158970E-08    2.6802766573575218E+02    5.5454277900264916E-03
      2.7462397303534763E-02    8.4570464452530831E-04    7.3324969564662692E-08    2.2504906114958715E+02    5.0777073582851063E-03
      2.7861847070502020E-02    7.4439232169713971E-04    6.7399265117916729E-08    1.8969068283266247E+02    4.6673561061685905E-03
      2.8267106968120535E-02    6.5749154719887471E-04    6.2167435865839639E-08    1.6044268238857396E+02    4.3050552685646171E-03
      2.8678261506686658E-02    5.8254593015041639E-04    5.7520406240295338E-08    1.3612739637273415E+02    3.9832514319740478E-03
      2.9095396425727307E-02    5.1758998118982898E-04    5.3369871889635432E-08    1.1582087781098124E+02    3.6958295763867039E-03
      2.9518598711879541E-02    4.6103444088341742E-04    4.9643428435748252E-08    9.8791592466630547E+01    3.4377757448150479E-03
      2.9947956617030185E-02    4.0988122840637678E-04    4.6088851266703708E-08    8.4106637477141078E+01    3.1916235438116383E-03
      3.0383559676719317E-02    3.6311808934645759E-04    4.2637822232253950E-08    7.1351934341356696E+01    2.9526419850613426E-03
      3.0825498728811435E-02    3.2331170225971615E-04    3.9645593138328543E-08    6.0836597434305844E+01    2.7454320294608694E-03
      3.1273865932438208E-02    2.8862579028831719E-04    3.6959238657173679E-08    5.2007293377508674E+01    2.5594036956353350E-03
      3.1728754787216734E-02    2.5759912508841116E-04    3.4446590621087861E-08    4.4448706403995843E+01    2.3854044222996356E-03
      3.2190260152747362E-02    2.2985090458917939E-04    3.2096834615287214E-08    3.7979267565575597E+01    2.2226853181299879E-03
      3.2658478268395096E-02    2.0505975456726404E-04    2.9902721576804324E-08    3.2446393158224133E+01    2.0707443901410725E-03
      3.3133506773358738E-02    1.8293733256182003E-04    2.7857821034349528E-08    2.7718770366279763E+01    1.9291363322989593E-03
      3.3615444727031950E-02    1.6322032021718144E-04    2.5955761206162837E-08    2.3682713935454146E+01    1.7974199027822049E-03
      3.4104392629660446E-02    1.4566575781302119E-04    2.4189783356685396E-08    2.0239526191791128E+01    1.6751270634656837E-03
      3.4600452443299609E-02    1.3005059295481794E-04    2.2552880540756582E-08    1.7303773862361297E+01    1.5617725878677149E-03
      3.5103727613077257E-02    1.1617093257636039E-04    2.1037907569375054E-08    1.4801699912403659E+01    1.4568616762088535E-03
      3.5614323088765068E-02    1.0384109872218663E-04    1.9637668465831815E-08    1.2669778411710087E+01    1.3598960116933028E-03
      3.6132345346664339E-02    9.2892630662198304E-05    1.8344998460291821E-08    1.0853420562902059E+01    1.2703794385813766E-03
      3.6657902411809849E-02    8.3173247786492386E-05    1.7152839351495757E-08    9.3058201656813608E+00    1.1878231809392637E-03
      3.7191103880496679E-02    7.4545778294208553E-05    1.6054305209227409E-08    7.9869262426876748E+00    1.1117503924929714E-03
      3.7732060943134742E-02    6.6887058601632836E-05    1.5042735067852053E-08    6.8625313869487297E+00    1.0416998056222398E-03
      3.8280886407435689E-02    6.0086838498237037E-05    1.4111735887101595E-08    5.9034681569049425E+00    9.7722870636750194E-04
      3.8837694721937141E-02    5.4046707428830201E-05    1.3255216299229365E-08    5.0849037624010780E+00    9.1791527139882079E-04
      3.9402601999869016E-02    4.8679051965487380E-05    1.2467411125780328E-08    4.3857233519900403E+00    8.6336026578658412E-04
      3.9975726043367042E-02    4.4160190904755380E-05    1.1811348927712648E-08    3.8099185305776917E+00    8.1792837716257027E-04
      4.0557186368038511E-02    4.0591240294384351E-05    1.1337995970743977E-08    3.3535338455908485E+00    7.8514898690934651E-04
      4.1147104227885201E-02    3.7536984535547084E-05    1.0949027924798450E-08    2.9697191454869660E+00    7.5821319790375207E-04
      4.1745602640588991E-02    3.4671947606589212E-05    1.0561057142928291E-08    2.6267567707481252E+00    7.3134646879908539E-04
      4.2352806413165120E-02    3.1996126735637199E-05    1.0177465602135791E-08    2.3212646425222907E+00    7.0478299934492706E-04
      4.2968842167988713E-02    2.9500765153117229E-05    9.7991550458719547E-09    2.0494916511566892E+00    6.7858523469991358E-04
      4.3593838369199694E-02    2.7176484121620046E-05    9.4267450424532520E-09    1.8079722857470635E+00    6.5279607957465251E-04
      4.4227925349491944E-02    2.5014049190243487E-05    9.0607815456178733E-09    1.5935589114114874E+00    6.2745334091717485E-04
      4.4871235337292092E-02    2.3004483784160236E-05    8.7017650280874342E-09    1.4034024851800782E+00    6.0259167614413209E-04
      4.5523902484333460E-02    2.1139107829432732E-05    8.3501590309987255E-09    1.2349291109630340E+00    5.7824318518349060E-04
      4.6186062893631252E-02    1.9409549227645517E-05    8.0063913114498883E-09    1.0858165300522260E+00    5.5443748994137140E-04
      4.6857854647864655E-02    1.7807748020973881E-05    7.6708532854469111E-09    9.5397199711668024E-01    5.3120169572645141E-04
      4.7539417838171651E-02    1.6325956958852080E-05    7.3438987180606766E-09    8.3751172793659023E-01    5.0856030054417388E-04
      4.8230894593362737E-02    1.4956740057024221E-05    7.0258420748887368E-09    7.3474192405993399E-01    4.8653508093652833E-04
      4.8932429109559597E-02    1.3692970594537957E-05    6.7169570719874163E-09    6.4414134557872327E-01    4.6514499156577433E-04
      4.9644167680264778E-02    1.2527829115656943E-05    6.4174757246273513E-09    5.6434534449470775E-01    4.4440609934136895E-04
      5.0366258726868826E-02    1.1540546804941092E-05    6.1737484751002047E-09    4.9783008433970771E-01    4.2752814281869756E-04
      5.1098852829601096E-02    1.0687095277833054E-05    5.9702803990631782E-09    4.4146884235792361E-01    4.1343810837336141E-04
      5.1842102758930877E-02    9.8852632229888811E-06    5.7668151568631914E-09    3.9103374731245222E-01    3.9934827016943218E-04
      5.2596163507424999E-02    9.1334398512353908E-06    5.5640995682884378E-09    3.4597602133105609E-01    3.8531034500074329E-04
      5.3361192322069262E-02    8.4292939750139436E-06    5.3624643810423499E-09    3.0576547947963761E-01    3.7134723693472814E-04
      5.4137348737059374E-02    7.7705242301437411E-06    5.1622164397294406E-09    2.6991883858150501E-01    3.5748019476447096E-04
      5.4924794607069428E-02    7.1548821815360401E-06    4.9636484487089558E-09    2.3799672971147329E-01    3.4372948808009313E-04
      5.5723694141003942E-02    6.5801785585758143E-06    4.7670401429316475E-09    2.0960025505960944E-01    3.3011448834845293E-04
      5.6534213936240973E-02    6.0442859730406564E-06    4.5726577572692259E-09    1.8436766578402849E-01    3.1665363216454859E-04
      5.7356523013373226E-02    5.5451409080171874E-06    4.3807533424255440E-09    1.6197126167661224E-01    3.0336437387880403E-04
      5.8190792851454523E-02    5.0807453895025901E-06    4.1915641789808903E-09    1.4211451446411996E-01    2.9026314502001040E-04
      5.9037197423758986E-02    4.6491685627277440E-06    4.0053124784917950E-09    1.2452940746616978E-01    2.7736533359667818E-04
      5.9895913234060266E-02    4.2455466139457706E-06    3.8194897191038958E-09    1.0889698807986598E-01    2.6449722607092341E-04
      6.0767119353438530E-02    3.8647585112604201E-06    3.6308069998637957E-09    9.4927106233183775E-02    2.5143106815016486E-04
      6.1650997457622772E-02    3.5096321688266076E-06    3.4431379464812344E-09    8.2549625448554820E-02    2.3843510594328415E-04
      6.2547731864876319E-02    3.1819611506358847E-06    3.2598654680112565E-09    7.1669438701081112E-02    2.2574360374392094E-04
      6.3457509574433357E-02    2.8801667372261763E-06    3.0813031098529592E-09    6.2121564685819558E-02    2.1337827437090907E-04
      6.4380520305494612E-02    2.6027403390114781E-06    2.9077671887657099E-09    5.3757767407808070E-02    2.0136102255801275E-04
      6.5316956536790066E-02    2.3482119599594458E-06    2.7395428431178688E-09    4.6444394118481759E-02    1.8971159395531206E-04
      6.6267013546717365E-02    2.1151521203601212E-06    2.5768814684873746E-09    4.0061133977532207E-02    1.7844739754617944E-04
      6.7230889454063789E-02    1.9021739336230827E-06    2.4199986499211774E-09    3.4499871910503965E-02    1.6758336245756495E-04
      6.8208785259320712E-02    1.7079353073487568E-06    2.2690726998989197E-09    2.9663630205513054E-02    1.5713183671491371E-04
      6.9200904886599163E-02    1.5311411549891566E-06    2.1242438049966561E-09    2.5465589674869699E-02    1.4710252814917335E-04
      7.0207455226154472E-02    1.3737389574710607E-06    1.9902700857528992E-09    2.1879044262104477E-02    1.3782493357177727E-04
      7.1228646177530081E-02    1.2343254250598060E-06    1.8674632415284598E-09    1.8825192789618493E-02    1.2932063796458580E-04
      7.2264690693328623E-02    1.1080138482282043E-06    1.7505684327429939E-09    1.6182312039465949E-02    1.2122574703944396E-04
      7.3315804823619629E-02    9.9268361566302627E-07    1.6377825319099735E-09    1.3883272949272048E-02    1.1341539536837229E-04
      7.4382207760993302E-02    8.8759048246159629E-07    1.5292181482378580E-09    1.1887191802388061E-02    1.0589738106720776E-04
      7.5464121886269414E-02    7.9201828174175208E-07    1.4249623467490002E-09    1.0157514830076202E-02    9.8677733333197556E-05
      7.6561772814871323E-02    7.0528290341366428E-07    1.3250823366575476E-09    8.6616621584155520E-03    9.1761106361539386E-05
      7.7675389443874143E-02    6.2673229872559926E-07    1.2296255049034953E-09    7.3706465560474162E-03    8.5150781667593306E-05
      7.8805203999737894E-02    5.5574632168889330E-07    1.1386194883603234E-09    6.2587230091846937E-03    7.8848673087214438E-05
      7.9951452086733946E-02    4.9173646770812349E-07    1.0520723732916183E-09    5.3030677690080524E-03    7.2855340588996804E-05
      8.1114372736076884E-02    4.3414552221873913E-07    9.6997303957505768E-10    4.4834848975830767E-03    6.7170014111564641E-05
      8.2294208455770262E-02    3.8244714372765339E-07    8.9229169877274692E-10    3.7821385325627456E-03    6.1790630824599889E-05
      8.3491205281177844E-02    3.3614538619443641E-07    8.1898064178329258E-10    3.1833089503680604E-03    5.6713886903271206E-05
      8.4705612826330101E-02    2.9477412812119615E-07    7.4997511788625658E-10    2.6731702824203478E-03    5.1935298401501672E-05
      8.5937684335977288E-02    2.5789640683812681E-07    6.8519431752499868E-10    2.2395882358249774E-03    4.7449269309053444E-05
      8.7187676738399250E-02    2.2510368292018148E-07    6.2454249428956099E-10    1.8719364981042157E-03    4.3249169248126722E-05
      8.8455850698983818E-02    1.9601504193040792E-07    5.6791022453641213E-10    1.5609303918732267E-03    3.9327420701223341E-05
      8.9742470674584116E-02    1.7027632847983168E-07    5.1517576593631782E-10    1.2984763361679652E-03    3.5675593089719961E-05
      9.1047804968666851E-02    1.4755921380192154E-07    4.6620648270787709E-10    1.0775358294750886E-03    3.2284501470381148E-05
      9.2372125787262435E-02    1.2756020555489762E-07    4.2086032138348554E-10    8.9200281098677755E-04    2.9144308731210719E-05
      9.3715709295729227E-02    1.0999960770722196E-07    3.7898731688095441E-10    7.3659331687334919E-04    2.6244629885950420E-05
      9.5078835676343218E-02    9.4620438225983927E-08    3.4043110639628826E-10    6.0674641398121847E-04    2.3574636910188874E-05
      9.6461789186725405E-02    8.1187313215516107E-08    3.0503043040780886E-10    4.9853546372569091E-04    2.1123162684939455E-05
      9.7864858219119125E-02    6.9485306535953865E-08    2.7262060142336873E-10    4.0858883159248626E-04    1.8878802706447719E-05
      9.9288335360529487E-02    5.9318793728161912E-08    2.4303492128968002E-10    3.3401921406810912E-04    1.6830013233958125E-05
      1.0073251745373747E-01    5.0687911444959091E-08    2.1687085369597789E-10    2.7331858334091446E-04    1.5018168246746077E-05
      1.0219770565920203E-01    4.3324922899682121E-08    1.9357245266258000E-10    2.2371143725836648E-04    1.3404768840432855E-05
      1.0368420551786159E-01    3.6892695408546791E-08    1.7212936063879488E-10    1.8242165899679148E-04    1.1919848399278912E-05
      1.0519232701484992E-01    3.1294318893489010E-08    1.5247152169665742E-10    1.4817916520753764E-04    1.0558555594970959E-05
      1.0672238464413843E-01    2.6440219101271766E-08    1.3452307518015111E-10    1.1988706134539757E-04    9.3156371254817874E-06
      1.0827469747411866E-01    2.2247957629753453E-08    1.1820347233114119E-10    9.6601315213362701E-05    8.1855150407036745E-06
      1.0984958921413877E-01    1.8641942890912073E-08    1.0342831478759138E-10    7.7512133165423850E-05    7.1623448079149155E-06
      1.1144738828200780E-01    1.5553127983141839E-08    9.0110219947881286E-11    6.1927263128610716E-05    6.2400752377066597E-06
      1.1306842787248186E-01    1.2918697889174817E-08    7.8159705107457246E-11    4.9257062484711706E-05    5.4125097098818738E-06
      1.1471304602674634E-01    1.0681747073604508E-08    6.7486073708324832E-11    3.9001174161344703E-05    4.6733675456672302E-06
      1.1638158570290882E-01    8.7909491611261155E-09    5.7998288174585742E-11    3.0736667947715786E-05    4.0163444510171460E-06
      1.1807439484751776E-01    7.2002206553173544E-09    4.9605814002431204E-11    2.4107515132401590E-05    3.4351709693072546E-06
      1.1979182646812032E-01    5.8683807941668603E-09    4.2219419735022234E-11    1.8815274318605024E-05    2.9236678790844586E-06
      1.2153423870687685E-01    4.7588099096237969E-09    3.5751918992090327E-11    1.4610875832157047E-05    2.4757975791433280E-06
      1.2330199491524532E-01    3.8391088615607445E-09    3.0118842842357863E-11    1.1287400763568643E-05    2.0857106498872198E-06
      1.2509546372975242E-01    3.0807621912438154E-09    2.5239033030865727E-11    8.6737583586554017E-06    1.7477869339422110E-06
      1.2691501914886652E-01    2.4588076188557944E-09    2.1035148971055910E-11    6.6291724785629325E-06    1.4566706450353415E-06
      1.2876104061098900E-01    1.9515143961155071E-09    1.7434083836466480E-11    5.0383943140103290E-06    1.2072991820790060E-06
      1.3063391307357994E-01    1.5400728337643280E-09    1.4367287466032861E-11    3.8075645896842078E-06    9.9492549015704491E-07
      1.3253402709343451E-01    1.2082970834520376E-09    1.1770996187650891E-11    2.8606542573751754E-06    8.1513397565984813E-07
      1.3446177890812736E-01    9.4234298165873692E-10    9.5863720746060452E-12    2.1364182047396431E-06    6.6385014970322816E-07
      1.3641757051864131E-01    7.3044247989861113E-10    7.7595566560217830E-12    1.5858018389865738E-06    5.3734434754269958E-07
      1.3840180977319821E-01    5.6265577465030546E-10    6.2416453204661026E-12    1.1697452777910642E-06    4.3222995603956406E-07
      1.4041491045230881E-01    4.3064183688483151E-10    4.9885893675927175E-12    8.5733462670215015E-07    3.4545663079955636E-07
      1.4245729235506005E-01    3.2744780809001376E-10    3.9610348691700501E-12    6.2425475392093951E-07    2.7429913740191502E-07
      1.4452938138665714E-01    2.4731743703018751E-10    3.1241088756386140E-12    4.5150247278308070E-07    2.1634254633988914E-07
      1.4663160964723915E-01    1.8551835349494189E-10    2.4471632999770931E-12    3.2432311489163643E-07    1.6946449714187632E-07
      1.4876441552198649E-01    1.3818767457776790E-10    1.9034865820721111E-12    2.3133745585523941E-07    1.3181523131299766E-07
      1.5092824377253858E-01    1.0247891263940099E-10    1.4740977990538274E-12    1.6428457191285648E-07    1.0208033205505404E-07
      1.5312354562974240E-01    7.5591751085492144E-11    1.1354500993091217E-12    1.1604389648049259E-07    7.8629194917607254E-08
      1.5535077888774818E-01    5.5235766985812580E-11    8.6639213083564656E-13    8.1199603988112321E-08    5.9997102269846847E-08
      1.5761040799947562E-01    3.9952177874172373E-11    6.5438663255308732E-13    5.6241851085994819E-08    4.5315856781201640E-08
      1.5990290417346781E-01    2.8590567669657338E-11    4.8900796799272079E-13    3.8541405779111156E-08    3.3863489778157791E-08
      1.6222874547215360E-01    2.0232053998680186E-11    3.6135297104505549E-13    2.6117426043745002E-08    2.5023462688185352E-08
      1.6458841691154039E-01    1.4149698634597304E-11    2.6389829899290659E-13    1.7491345309984636E-08    1.8274788828292765E-08
      1.6698241056235552E-01    9.7741666521956284E-12    1.9035578403444332E-13    1.1570213910479750E-08    1.3182016590289052E-08
      1.6941122565265992E-01    6.6642355650099436E-12    1.3552915785657771E-13    7.5543589005668698E-09    9.3853077089060235E-09
      1.7187536867195427E-01    4.4817309960588837E-12    9.5175089891186261E-14    4.8649534022034314E-09    6.5908142497044356E-09
      1.7437535347679819E-01    2.9704548192037121E-12    6.5871041781225675E-14    3.0877453446689338E-09    4.5615276151662719E-09
      1.7691170139796733E-01    1.9386702286062797E-12    4.4891948030605924E-14    1.9297812873499640E-09    3.1087387583808113E-09
      1.7948494134916793E-01    1.2447156377593529E-12    3.0097215973983155E-14    1.1864786310272137E-09    2.0842130030510204E-09
      1.8209560993733337E-01    7.8533484952695409E-13    1.9829022942549452E-14    7.1685326918714807E-10    1.3731471871146998E-09
      1.8474425157452462E-01    4.8633336979803807E-13    1.2822396756926557E-14    4.2510390588645439E-10    8.8794279424937627E-10
      1.8743141859145823E-01    2.9519876676742931E-13    8.1271186753127625E-15    2.4709342524303050E-10    5.6279778286031063E-10
      1.9015767135268619E-01    1.7535517127782996E-13    5.0411026229141848E-15    1.4055647403018987E-10    3.4909314022515082E-10
      1.9292357837345039E-01    1.0175686275925109E-13    3.0545921668574667E-15    7.8105498805414946E-11    2.1152855861104995E-10
      1.9572971643823783E-01    5.7561912278856025E-14    1.8042826583322216E-15    4.2309582512378443E-11    1.2494542288981690E-10
      1.9857667072105856E-01    3.1662700970232290E-14    1.0363200958902516E-15    2.2286255815097712E-11    7.1764505429493179E-11
      2.0146503490747469E-01    1.6900818347966596E-14    5.7760138263837696E-16    1.1391541879724938E-11    3.9998527216463764E-11
      2.0439541131840380E-01    8.7134654225207443E-15    3.1094008776466674E-16    5.6240777325985262E-12    2.1532402686319861E-11
      2.0736841103572293E-01    4.3092321535522497E-15    1.6056255532118760E-16    2.6634584087315513E-12    1.1118854511088187E-11
      2.1038465402969958E-01    2.0305021135793737E-15    7.8994606954730097E-17    1.2018080229129676E-12    5.4703261301069735E-12
      2.1344476928827660E-01    9.0316385280496195E-16    3.6685770657694101E-17    5.1189846333840065E-13    2.5404662111541660E-12
      2.1654939494823705E-01    3.7407021982610591E-16    1.5863594851600448E-17    2.0302804766800047E-13    1.0985438219076318E-12
      2.1969917842827727E-01    1.4078304389134034E-16    6.2328401600682641E-18    7.3170981355027809E-14    4.3162020430003480E-13
      2.2289477656401521E-01    4.9621518336447094E-17    2.2943131817392887E-18    2.4697000068033525E-14    1.5887972397798964E-13
      2.2613685574496334E-01    9.2381364884582594E-18    4.4093171968122774E-19    9.0902087255688792E-15    3.0534240257027989E-14
      2.2942609205349229E-01    2.0906081460008814E-22    1.0622735807473858E-23    9.5415305009876579E-20    7.3561767696557544E-19
      2.3276317140581748E-01    4.0910437994588429E-22    2.1594981349278661E-23    1.7879903028499834E-19    1.4954386800333112E-18
      2.3614878969503536E-01    2.6519979981337501E-22    1.4588891368113080E-23    1.1099153229403696E-19    1.0102714189845381E-18
      2.3958365293624048E-01    8.6810558318372483E-23    4.9601765572454859E-24    3.7073704252485754E-20    3.4348906181144421E-19
      2.4306847741375354E-01    1.7022708345074900E-25    1.0277492601853954E-26    6.5330587552448854E-23    7.1170980525445020E-22
      2.4660398983049048E-01    3.3741156071632538E-25    2.1204198329525106E-26    1.2400337048914841E-22    1.4683772052495318E-21
      2.5019092745950455E-01    2.6011876030894499E-25    1.7011472037054901E-26    9.1544199593099730E-23    1.1780335846118583E-21
      2.5383003829773271E-01    7.5397789292410987E-26    5.1238492486736998E-27    2.6824997666256493E-23    3.5482329126356104E-22
      2.5752208122197773E-01    3.9650565124681485E-28    2.8446459555317184E-29    1.2796163729892608E-25    1.9698991743026193E-24
      2.6126782614715954E-01    6.7410355919474745E-28    5.0348609251506311E-29    2.0832560524884318E-25    3.4866090663746086E-24
      2.6506805418686868E-01    3.8975816561401000E-28    3.0192759186898479E-29    1.1534449713156096E-25    2.0908293095852703E-24
      2.6892355781625438E-01    3.7088296291628013E-30    3.0248147101738458E-31    1.0510519115972279E-27    2.0946648873483815E-26
      2.7283514103728229E-01    2.0419372312245724E-30    1.7277101411951436E-31    5.5413463508116189E-28    1.1964282493419861E-26
