      1.5739455852146610E-03    6.1420867102256020E-02    1.0031672742427336E-09    8.6820169504264981E+07    6.9468693683140355E-05
      1.5968391509250449E-03    6.4126078908157400E-02    1.0937207658651315E-09    8.6801053559562802E+07    7.5739465201483402E-05
      1.6200657112166008E-03    6.6949797330495345E-02    1.1924368779944465E-09    8.6781110508903384E+07    8.2575492981873885E-05
      1.6436301096070438E-03    6.9897155910418771E-02    1.3000498205837613E-09    8.6760304341968045E+07    9.0027620595109397E-05
      1.6675372600646770E-03    7.2973505329963592E-02    1.4173596249538541E-09    8.6738597492293000E+07    9.8151249699704004E-05
      1.6917921480331182E-03    7.6184422119318640E-02    1.5452380148235287E-09    8.6715950771768719E+07    1.0700674660699256E-04
      1.7163998314709326E-03    7.9535717668753794E-02    1.6846347962288355E-09    8.6692323302258283E+07    1.1665988477895986E-04
      1.7413654419063864E-03    8.3033447551767225E-02    1.8365848123054421E-09    8.6667672444603741E+07    1.2718232644248236E-04
      1.7666941855075436E-03    8.6683921165425920E-02    2.0022155120138839E-09    8.6641953724736243E+07    1.3865214671872258E-04
      1.7923913441679267E-03    9.0493711693554843E-02    2.1827551864153685E-09    8.6615120756942585E+07    1.5115440397997360E-04
      1.8184622766079673E-03    9.4469666397946503E-02    2.3795419305316550E-09    8.6587125164161205E+07    1.6478176045273772E-04
      1.8449124194924822E-03    9.8618917241841714E-02    2.5940333926573429E-09    8.6557916494908303E+07    1.7963515735138188E-04
      1.8717472885643974E-03    1.0294889185046149E-01    2.8278173823844947E-09    8.6527442137577757E+07    1.9582454947707459E-04
      1.8989724797949684E-03    1.0746732481037463E-01    3.0826234064731727E-09    8.6495647230708808E+07    2.1346970406946030E-04
      1.9265936705507262E-03    1.1218226931145758E-01    3.3603352180765753E-09    8.6462474570511073E+07    2.3270106983249323E-04
      1.9546166207773997E-03    1.1710210913157681E-01    3.6630044620391316E-09    8.6427864514459491E+07    2.5366072186262405E-04
      1.9830471742010576E-03    1.2223557096476964E-01    3.9928655127440101E-09    8.6391754881477073E+07    2.7650338916027290E-04
      2.0118912595467218E-03    1.2759173709174307E-01    4.3523516061812886E-09    8.6354080848448962E+07    3.0139757176525728E-04
      2.0411548917747052E-03    1.3318005838941649E-01    4.7441123744004918E-09    8.6314774842565536E+07    3.2852675500644267E-04
      2.0708441733349298E-03    1.3901036767696615E-01    5.1710329073712258E-09    8.6273766430491954E+07    3.5809072952342912E-04
      2.1009652954395055E-03    1.4509289338999237E-01    5.6362544633578486E-09    8.6230982202654034E+07    3.9030702544678341E-04
      2.1315245393537866E-03    1.5143827357703613E-01    6.1431969755047881E-09    8.6186345654105097E+07    4.2541247096471217E-04
      2.1625282777062381E-03    1.5805757020668834E-01    6.6955835007731761E-09    8.6139777060883269E+07    4.6366488539632448E-04
      2.1939829758173416E-03    1.6496228377299352E-01    7.2974667762280102E-09    8.6091193352162570E+07    5.0534491819757387E-04
      2.2258951930478298E-03    1.7216436818333117E-01    7.9532580584868322E-09    8.6040507977954209E+07    5.5075804607467873E-04
      2.2582715841665347E-03    1.7967624591042081E-01    8.6677584378252019E-09    8.5987630772545964E+07    6.0023674146594667E-04
      2.2911189007381290E-03    1.8751082338561945E-01    9.4461928301444411E-09    8.5932467813172549E+07    6.5414282646385289E-04
      2.3244439925310563E-03    1.9568150660831074E-01    1.0294246870541796E-08    8.5874921274303347E+07    7.1287002767123433E-04
      2.3582538089459352E-03    2.0420221694056576E-01    1.1218106944880123E-08    8.5814889277074903E+07    7.7684674836194846E-04
      2.3925554004647445E-03    2.1308740705329784E-01    1.2224503619440459E-08    8.5752265734305859E+07    8.4653907595660493E-04
      2.4273559201210856E-03    2.2235207698297524E-01    1.3320758741114999E-08    8.5686940190454766E+07    9.2245404368087626E-04
      2.4626626249918274E-03    2.3201179025453797E-01    1.4514836508923016E-08    8.5618797656947970E+07    1.0051431672353909E-03
      2.4984828777104549E-03    2.4208269001930890E-01    1.5815398836858375E-08    8.5547718442877650E+07    1.0952062786375996E-03
      2.5348241480024213E-03    2.5258151514880511E-01    1.7231865347780629E-08    8.5473577980603963E+07    1.1932956807604554E-03
      2.5716940142428402E-03    2.6352561622082499E-01    1.8774478372061138E-08    8.5396246646925300E+07    1.3001206484471858E-03
      2.6091001650368219E-03    2.7493297132348221E-01    2.0454373341907270E-08    8.5315589579342827E+07    1.4164523032733297E-03
      2.6470504008228308E-03    2.8682220159585398E-01    2.2283655005719278E-08    8.5231466487676054E+07    1.5431288913423230E-03
      2.6855526354993054E-03    2.9921258641506365E-01    2.4275479918641934E-08    8.5143731461351275E+07    1.6810614957035682E-03
      2.7246148980749922E-03    3.1212407812668402E-01    2.6444145686281488E-08    8.5052232771920562E+07    1.8312402164228918E-03
      2.7642453343432599E-03    3.2557731620838060E-01    2.8805187486599516E-08    8.4956812671632409E+07    1.9947408546621094E-03
      2.8044522085807697E-03    3.3959364074056259E-01    3.1375482413758617E-08    8.4857307187649786E+07    2.1727321384237652E-03
      2.8452439052708551E-03    3.5419510504845175E-01    3.4173362236509817E-08    8.4753545912610918E+07    2.3664835309975150E-03
      2.8866289308519676E-03    3.6940448736280623E-01    3.7218735189769608E-08    8.4645351791412264E+07    2.5773736649491283E-03
      2.9286159154915553E-03    3.8524530133446333E-01    4.0533217467063995E-08    8.4532540904882580E+07    2.8068994478883426E-03
      2.9712136148857429E-03    4.0174180521841762E-01    4.4140275110487463E-08    8.4414922250391185E+07    3.0566858882579910E-03
      3.0144309120851863E-03    4.1842279749274697E-01    4.8008032368095703E-08    8.4192452796882868E+07    3.3245256105738489E-03
      3.0582768193474900E-03    4.3514809660061865E-01    5.2137377202311275E-08    8.3845650180866033E+07    3.6104801056671253E-03
      3.1027604800165642E-03    4.5240831516028485E-01    5.6605283576387832E-08    8.3475619819868550E+07    3.9198797713808744E-03
      3.1478911704293172E-03    4.7032999581545171E-01    6.1453038912533588E-08    8.3103129046629861E+07    4.2555837353600977E-03
      3.1936783018500850E-03    4.8893590365362383E-01    6.6712452414896571E-08    8.2727948369132280E+07    4.6197947646965873E-03
      3.2401314224331963E-03    5.0824934880827510E-01    7.2417927428232866E-08    8.2349843957106933E+07    5.0148952690640836E-03
      3.2872602192140820E-03    5.2829417652953892E-01    7.8606663391546769E-08    8.1968577513608456E+07    5.4434612858790029E-03
      3.3350745201293479E-03    5.4909475435609090E-01    8.5318872199033218E-08    8.1583906151734412E+07    5.9082774631576546E-03
      3.3835842960662278E-03    5.7067595609576904E-01    9.2598009816779722E-08    8.1195582277185589E+07    6.4123530988250714E-03
      3.4327996629418562E-03    5.9306314230128210E-01    1.0049102401976906E-07    8.0803353477558523E+07    6.9589392963443778E-03
      3.4827308838127637E-03    6.1628213690369604E-01    1.0904861914041693E-07    8.0406962419166595E+07    7.5515472983841035E-03
      3.5333883710150786E-03    6.4035919964281296E-01    1.1832553872786404E-07    8.0006146752377763E+07    8.1939680607938138E-03
      3.5847826883358444E-03    6.6532099390840904E-01    1.2838086702477869E-07    7.9600639026515663E+07    8.8902931296803364E-03
      3.6369245532159255E-03    6.9119454957951043E-01    1.3927835017429668E-07    7.9190166615387321E+07    9.6449368847834078E-03
      3.6898248389849544E-03    7.1800722042204124E-01    1.5108673805224670E-07    7.8774451654678240E+07    1.0462660211139176E-02
      3.7434945771287849E-03    7.4578663557622304E-01    1.6388014760627713E-07    7.8353210992468819E+07    1.1348595660082913E-02
      3.7979449595899272E-03    7.7456064463836238E-01    1.7773844854890121E-07    7.7926156154492259E+07    1.2308274158246302E-02
      3.8531873411014423E-03    8.0435725592947971E-01    1.9274767223210503E-07    7.7492993337165982E+07    1.3347653321863166E-02
      3.9092332415547890E-03    8.3520456726357806E-01    2.0900044441198314E-07    7.7053423414654925E+07    1.4473147425444364E-02
      3.9660943484021056E-03    8.6713068850915720E-01    2.2659644252605314E-07    7.6607141952035755E+07    1.5691659067940060E-02
      4.0237825190934332E-03    9.0016365550143496E-01    2.4564287805551743E-07    7.6153839245202631E+07    1.7010612576018595E-02
      4.0823097835494000E-03    9.3433133463138651E-01    2.6625500437969537E-07    7.5693200386327237E+07    1.8437989172661876E-02
      4.1416883466698562E-03    9.6966131740906569E-01    2.8855665035097595E-07    7.5224905354933009E+07    1.9982363926890415E-02
      4.2019305908790076E-03    1.0061808042863372E+00    3.1268077962747919E-07    7.4748629136729926E+07    2.1652944487193237E-02
      4.2630490787075696E-03    1.0439164769946296E+00    3.3877007555420271E-07    7.4264041872568399E+07    2.3459611584174131E-02
      4.3250565554124728E-03    1.0828943586230646E+00    3.6697755109633844E-07    7.3770809039944679E+07    2.5412961268044657E-02
      4.3879659516346762E-03    1.1231396606364548E+00    3.9746718298932158E-07    7.3268591669713095E+07    2.7524348823110421E-02
      4.4517903860956526E-03    1.1646766160049058E+00    4.3041456886781501E-07    7.2757046600664705E+07    2.9805934273533983E-02
      4.5165431683330615E-03    1.2075282975976815E+00    4.6600760567932892E-07    7.2235826774923667E+07    3.2270729363045154E-02
      4.5822378014762502E-03    1.2517164209705560E+00    5.0444718714487605E-07    7.1704581577052027E+07    3.4932645853646381E-02
      4.6488879850621039E-03    1.2972611306690167E+00    5.4594791741739190E-07    7.1162957220201805E+07    3.7806544946002982E-02
      4.7165076178918618E-03    1.3441807691491976E+00    5.9073883737601854E-07    7.0610597182256088E+07    4.0908287574858905E-02
      4.7851108009294811E-03    1.3924916274308285E+00    6.3906415919375016E-07    7.0047142695754439E+07    4.4254785277377529E-02
      4.8547118402421626E-03    1.4422076765896330E+00    6.9118400389041791E-07    6.9472233294909969E+07    4.7864051268215232E-02
      4.9253252499836470E-03    1.4933402792125401E+00    7.4737513555157138E-07    6.8885507423242182E+07    5.1755251283710509E-02
      4.9969657554209020E-03    1.5458978799746852E+00    8.0793168471948469E-07    6.8286603106032640E+07    5.5948753676249574E-02
      5.0696482960048347E-03    1.5998856745234842E+00    8.7316585215453636E-07    6.7675158691280425E+07    6.0466178149292907E-02
      5.1433880284856718E-03    1.6553052559023784E+00    9.4340858267976834E-07    6.7050813662901893E+07    6.5330442420680992E-02
      5.2182003300736447E-03    1.7121542378306587E+00    1.0190101972033522E-06    6.6413209530727200E+07    7.0565805989786928E-02
      5.2941008016456625E-03    1.7704258542368843E+00    1.1003409691810606E-06    6.5761990801590897E+07    7.6197910057174661E-02
      5.3711052709986117E-03    1.8301085345385648E+00    1.1877916297733486E-06    6.5096806035477489E+07    8.2253812506404636E-02
      5.4492297961499844E-03    1.8911854543020015E+00    1.2817737837309899E-06    6.4417308991169274E+07    8.8762016703848728E-02
      5.5284906686865155E-03    1.9536340610817682E+00    1.3827202156276758E-06    6.3723159866124749E+07    9.5752492705102388E-02
      5.6089044171615358E-03    2.0174255754263863E+00    1.4910850634006063E-06    6.3014026635207213E+07    1.0325668927255970E-01
      5.6904878105417060E-03    2.0825244672632972E+00    1.6073438332919878E-06    6.2289586492942154E+07    1.1130753491010277E-01
      5.7732578617039308E-03    2.1488879081251606E+00    1.7319932271589631E-06    6.1549527403589122E+07    1.1993942590442438E-01
      5.8572318309831062E-03    2.2164652000128608E+00    1.8655507498092711E-06    6.0793549764046818E+07    1.2918819913327309E-01
      5.9424272297714797E-03    2.2851971820422405E+00    2.0085540604550464E-06    6.0021368184483737E+07    1.3909108715404256E-01
      6.0288618241703673E-03    2.3550156164373561E+00    2.1615600286292710E-06    5.9232713391489677E+07    1.4968665282658825E-01
      6.1165536386949756E-03    2.4258425559103518E+00    2.3251434509609545E-06    5.8427334258627534E+07    1.6101470045072735E-01
      6.2055209600331233E-03    2.4975896950214480E+00    2.4998953811320521E-06    5.7604999969376475E+07    1.7311616011682096E-01
      6.2957823408586293E-03    2.5701577087136505E+00    2.6864210211310853E-06    5.6765502316917092E+07    1.8603294167643275E-01
      6.3873566037001648E-03    2.6434355819479984E+00    2.8853371177204680E-06    5.5908658145773873E+07    1.9980775444935239E-01
      6.4802628448663866E-03    2.7172999351676008E+00    3.0972688038666634E-06    5.5034311940191150E+07    2.1448388849464928E-01
      6.5745204384281587E-03    2.7916143512173339E+00    3.3228458208700214E-06    5.4142338563869797E+07    2.3010495299557426E-01
      6.6701490402586907E-03    2.8662287103670003E+00    3.5626980532242039E-06    5.3232646155535355E+07    2.4671456705142353E-01
      6.7671685921324564E-03    2.9409785412252769E+00    3.8174503049829398E-06    5.2305179184608594E+07    2.6435599794426951E-01
      6.8655993258837133E-03    3.0156843966081954E+00    4.0877162438545042E-06    5.1359921670890614E+07    2.8307174177136740E-01
      6.9654617676255283E-03    3.0901512648424023E+00    4.3740914376011862E-06    5.0396900571805790E+07    3.0290304122026124E-01
      7.0667767420301572E-03    3.1641680285511455E+00    4.6771454069359852E-06    4.9416189340032473E+07    3.2388933523695068E-01
      7.1695653766716888E-03    3.2375069846631077E+00    4.9974126202576838E-06    4.8417911653083622E+07    3.4606763541704066E-01
      7.2738491064318388E-03    3.3099234413002083E+00    5.3353823588504689E-06    4.7402245315771729E+07    3.6947182417728153E-01
      7.3796496779698975E-03    3.3811554092355576E+00    5.6914873869341844E-06    4.6369426334811427E+07    3.9413187016377760E-01
      7.4869891542575584E-03    3.4509234078003486E+00    6.0660913698211160E-06    4.5319753162597120E+07    4.2007295696737268E-01
      7.5958899191798414E-03    3.5189304074616850E+00    6.4594749961027681E-06    4.4253591104651876E+07    4.4731452209393857E-01
      7.7063746822028725E-03    3.5848619337527539E+00    6.8718207769711072E-06    4.3171376881835617E+07    4.7586920432707008E-01
      7.8184664831095659E-03    3.6483863597812785E+00    7.3031965183028127E-06    4.2073623334210157E+07    5.0574169918046463E-01
      7.9321886968041957E-03    3.7091554171238039E+00    7.7535374899033881E-06    4.0960924248094007E+07    5.3692752412945344E-01
      8.0475650381868526E-03    3.7668049574599198E+00    8.2226273522679453E-06    3.9833959281360194E+07    5.6941169780135581E-01
      8.1646195670987860E-03    3.8209559997150260E+00    8.7100779453155221E-06    3.8693498953970447E+07    6.0316734035822572E-01
      8.2833766933396984E-03    3.8712160996463663E+00    9.2153080968018491E-06    3.7540409661090441E+07    6.3815420599295714E-01
      8.4038611817580013E-03    3.9171810805605984E+00    9.7375216713329863E-06    3.6375658654598564E+07    6.7431716283748377E-01
      8.5260981574151254E-03    3.9584371649961523E+00    1.0275685154857177E-05    3.5200318925121315E+07    7.1158464070314198E-01
      8.6501131108249318E-03    3.9945635475077652E+00    1.0828505154657677E-05    3.4015573900927611E+07    7.4986707296953015E-01
      8.7759319032693454E-03    4.0251354478583856E+00    1.1394406291271082E-05    3.2822721861823827E+07    7.8905536561395828E-01
      8.9035807721912965E-03    4.0497276815814418E+00    1.1971510065803180E-05    3.1623179945382610E+07    8.2901943378655485E-01
      9.0330863366661143E-03    4.0679187806938435E+00    1.2557615402674697E-05    3.0418487599966019E+07    8.6960685440782326E-01
      9.1644756029524918E-03    4.0792956908929447E+00    1.3150181691665112E-05    2.9210309314483225E+07    9.1064169184099675E-01
      9.2977759701242009E-03    4.0834590622939810E+00    1.3746315280426353E-05    2.8000436428189740E+07    9.5192356250722954E-01
      9.4330152357837167E-03    4.0800291382548517E+00    1.4342760494501436E-05    2.6790787796675280E+07    9.9322701302761740E-01
      9.5702216018589466E-03    4.0686522305975519E+00    1.4935896379326671E-05    2.5583409063461803E+07    1.0343012946089287E+00
      9.7094236804843095E-03    4.0490077491414409E+00    1.5521740458740583E-05    2.4380470261607688E+07    1.0748706233179499E+00
      9.8506504999672766E-03    4.0208157285867587E+00    1.6095960875899610E-05    2.3184261448528104E+07    1.1146350208321509E+00
      9.9939315108417866E-03    3.9836105214735222E+00    1.6652911952176974E-05    2.1995892656678412E+07    1.1532035275087811E+00
      1.0139296592009652E-02    3.9374386256813834E+00    1.7188496044003428E-05    2.0819205090195738E+07    1.1902923841451190E+00
      1.0286776056971326E-02    3.8824189360808892E+00    1.7698517551897215E-05    1.9657956418933429E+07    1.2256110481540028E+00
      1.0436400660147272E-02    3.8182940209765839E+00    1.8176660604648353E-05    1.8513603744188398E+07    1.2587221494839023E+00
      1.0588201603291308E-02    3.7451140801804663E+00    1.8617434593853981E-05    1.7388906537820879E+07    1.2892454670061331E+00
      1.0742210541997204E-02    3.6630154433102091E+00    1.9015309806264122E-05    1.6286643750765773E+07    1.3167980716062972E+00
      1.0898459592299951E-02    3.5722285300269130E+00    1.9364824952708117E-05    1.5209597007155046E+07    1.3410017724938330E+00
      1.1056981337373022E-02    3.4730833884814456E+00    1.9660703417219063E-05    1.4160523482967371E+07    1.3614911673797108E+00
      1.1217808834323061E-02    3.3660133012275022E+00    1.9897979859636659E-05    1.3142123704685856E+07    1.3779224096259015E+00
      1.1380975621083403E-02    3.2515562663644730E+00    2.0072135201085547E-05    1.2157005744363498E+07    1.3899825559036278E+00
      1.1546515723407853E-02    3.1303540358739359E+00    2.0179236452612330E-05    1.1207646684678540E+07    1.3973992492372611E+00
      1.1714463661966204E-02    3.0031483964658041E+00    2.0216076681175879E-05    1.0296352244121939E+07    1.3999504115598460E+00
      1.1884854459542953E-02    2.8707744331225498E+00    2.0180309394481718E-05    9.4252156104457378E+06    1.3974735497771393E+00
      1.2057723648340726E-02    2.7341506079326798E+00    2.0070570796698768E-05    8.5960767201749068E+06    1.3898742218979920E+00
      1.2233107277389941E-02    2.5942656135724160E+00    1.9886582819469239E-05    7.8104834024861082E+06    1.3771331718660449E+00
      1.2411041920066238E-02    2.4521621167291845E+00    1.9629229668400598E-05    7.0696559437216399E+06    1.3593116303554589E+00
      1.2591564681717236E-02    2.3089399103022581E+00    1.9300789081511485E-05    6.3745180589271076E+06    1.3365673292707427E+00
      1.2774713207400307E-02    2.1657792819799160E+00    1.8905361638897989E-05    5.7257785248442069E+06    1.3091842311672277E+00
      1.2960525689732752E-02    2.0236888333382148E+00    1.8446877887869536E-05    5.1232991011786927E+06    1.2774345239382554E+00
      1.3149040876856297E-02    1.8836964583070968E+00    1.7930750695506645E-05    4.5667004180193115E+06    1.2416930451755410E+00
      1.3340298080517361E-02    1.7467920453786929E+00    1.7363500552721559E-05    4.0552574591579749E+06    1.2024113347144403E+00
      1.3534337184264889E-02    1.6138854911303406E+00    1.6752417479511015E-05    3.5878606649848418E+06    1.1600942217884223E+00
      1.3731198651767402E-02    1.4857868939046075E+00    1.6105350917583351E-05    3.1630423004644699E+06    1.1152852752275528E+00
      1.3930923535251034E-02    1.3631901923676384E+00    1.5430474259485612E-05    2.7790128499063686E+06    1.0685504972507853E+00
      1.4133553484060292E-02    1.2466611696148768E+00    1.4736036966223589E-05    2.4337062635689359E+06    1.0204611577693066E+00
      1.4339130753343353E-02    1.1366304158990654E+00    1.4030117997478119E-05    2.1248321362670083E+06    9.7157671958633651E-01
      1.4547698212863678E-02    1.0333916195649810E+00    1.3320395720763245E-05    1.8499326316230227E+06    9.2242890475313788E-01
      1.4759299355939797E-02    9.3710508401864812E-01    1.2613947208488879E-05    1.6064414342908058E+06    8.7350779601866035E-01
      1.4973978308515117E-02    8.4780610585287808E-01    1.1917088660099393E-05    1.3917421116963774E+06    8.2525078616445580E-01
      1.5191779838359684E-02    7.6541741965011634E-01    1.1235263948043145E-05    1.2032231953830970E+06    7.7803485988417931E-01
      1.5412749364405745E-02    6.8976480291242614E-01    1.0572985995518684E-05    1.0383278636893188E+06    7.3217253422991679E-01
      1.5636932966219132E-02    6.2059451427373846E-01    9.9338274599669917E-06    8.9459617423836770E+05    6.8791121344996742E-01
      1.5864377393608395E-02    5.5759155217134038E-01    9.3204580364823512E-06    7.6969898674324190E+05    6.4543577222624515E-01
      1.6095130076373705E-02    5.0039745307878769E-01    8.7347173768112762E-06    6.6146283108451264E+05    6.0487360526842970E-01
      1.6329239134197544E-02    4.4862673244143825E-01    8.1777133966800713E-06    5.6788595588840824E+05    5.6630143503367580E-01
      1.6566753386679369E-02    4.0188124260422947E-01    7.6499339441226450E-06    4.8714622531176079E+05    5.2975304468706663E-01
      1.6807722363515975E-02    3.5976202572262445E-01    7.1513607992364624E-06    4.1760198135582026E+05    4.9522717251197662E-01
      1.7052196314830223E-02    3.2187859703780031E-01    6.6815784447673312E-06    3.5778732864237850E+05    4.6269504420366830E-01
      1.7300226221649832E-02    2.8785577365800386E-01    6.2398719218445108E-06    3.0640329116122890E+05    4.3210714931651334E-01
      1.7551863806538660E-02    2.5733828842567175E-01    5.8253098889771095E-06    2.6230617499740666E+05    4.0339899304649829E-01
      1.7807161544382562E-02    2.2999355917515615E-01    5.4368119527154128E-06    2.2449434505046625E+05    3.7649575883656172E-01
      1.8066172673332201E-02    2.0551304935489076E-01    5.0732020235710216E-06    1.9209442470624321E+05    3.5131600324002082E-01
      1.8328951205904956E-02    1.8361258404724098E-01    4.7332495560694284E-06    1.6434762212829251E+05    3.2777451176790012E-01
      1.8595551940248371E-02    1.6403193081030928E-01    4.4157008482661221E-06    1.4059666023280384E+05    3.0578446636045076E-01
      1.8866030471567402E-02    1.4653389570169981E-01    4.1193026300438722E-06    1.2027360503249941E+05    2.8525907886168761E-01
      1.9140443203717876E-02    1.3090311467494581E-01    3.8428196550895658E-06    1.0288873749227420E+05    2.6611280925256098E-01
      1.9418847360968602E-02    1.1694467717105347E-01    3.5850478665985586E-06    8.8020522578240911E+04    2.4826227736758236E-01
      1.9701300999934536E-02    1.0448266254824248E-01    3.3448238973199204E-06    7.5306651960404924E+04    2.3162692076689656E-01
      1.9987863021683556E-02    9.3358651864004244E-02    3.1210316355212200E-06    6.4436108710411921E+04    2.1612944942515369E-01
      2.0278593184019290E-02    8.3430259284105926E-02    2.9126064552749953E-06    5.5142182643653068E+04    2.0169613867614808E-01
      2.0573552113942635E-02    7.4569712869268542E-02    2.7185375743053723E-06    4.7196354575925412E+04    1.8825699249219230E-01
      2.0872801320294510E-02    6.6662505063913843E-02    2.5378689400688628E-06    4.0402965191003452E+04    1.7574580484464697E-01
      2.1176403206582577E-02    5.9606127637600620E-02    2.3696990610918313E-06    3.4594586452548225E+04    1.6410014802414807E-01
      2.1484421083994374E-02    5.3308896645619677E-02    2.2131800304687133E-06    2.9628014877716174E+04    1.5326130501848151E-01
      2.1796919184599865E-02    4.7688869947436693E-02    2.0675159772146940E-06    2.5380812269227950E+04    1.4317416226974422E-01
      2.2113962674746006E-02    4.2672856592197640E-02    1.9319611341165819E-06    2.1748325632750086E+04    1.3378707587425009E-01
      2.2435617668646084E-02    3.8195514835279436E-02    1.8058176567132217E-06    1.8641124380968446E+04    1.2505172054831487E-01
      2.2761951242166768E-02    3.4198534178001519E-02    1.6884332951616869E-06    1.5982799557841487E+04    1.1692292840647571E-01
      2.3093031446815668E-02    3.0629896105728287E-02    1.5791989990006619E-06    1.3708076211481017E+04    1.0935852309288337E-01
      2.3428927323932369E-02    2.7443207680739413E-02    1.4775465087536768E-06    1.1761195905354391E+04    1.0231915300136309E-01
      2.3769708919085863E-02    2.4597102085834464E-02    1.3829459736192064E-06    1.0094531804566603E+04    9.5768126301973858E-02
      2.4115447296681414E-02    2.2054700474664797E-02    1.2949036314476527E-06    8.6674037254317591E+03    8.9671250280894663E-02
      2.4466214554779844E-02    1.9783129467897450E-02    1.2129595656545032E-06    7.4450647781527950E+03    8.3996676008091978E-02
      2.4822083840132431E-02    1.7753089087787294E-02    1.1366855538829675E-06    6.3978351458010584E+03    7.8714749358579944E-02
      2.5183129363434451E-02    1.5938466250676190E-02    1.0656830170957955E-06    5.5003619027289205E+03    7.3797868988337248E-02
      2.5549426414800593E-02    1.4315989298607874E-02    9.9958107351800383E-07    4.7309867151451181E+03    6.9220351571082750E-02
      2.5921051379465480E-02    1.2864919424185660E-02    9.3803469906568512E-07    4.0712058245351718E+03    6.4958304409144088E-02
      2.6298081753712545E-02    1.1566775199098989E-02    8.8072299332085425E-07    3.5052089273670158E+03    6.0989505353322246E-02
      2.6680596161034676E-02    1.0405086768871925E-02    8.2734754888436688E-07    3.0194854794168168E+03    5.7293289881621544E-02
      2.7068674368529735E-02    9.3651766069121900E-03    7.7763092121660857E-07    2.6024886022925448E+03    5.3850445136693639E-02
      2.7462397303534763E-02    8.4339640177795942E-03    7.3131519487436050E-07    2.2443481849814016E+03    5.0643110638655314E-02
      2.7861847070502020E-02    7.5997908619127672E-03    6.8816064170937610E-07    1.9366259913790464E+03    4.7654685366196020E-02
      2.8267106968120535E-02    6.8522662315392445E-03    6.4794446638499597E-07    1.6721066290701351E+03    4.4869740884403812E-02
      2.8678261506686658E-02    6.1821280416464713E-03    6.1045963447669185E-07    1.4446191292331325E+03    4.2273940191475810E-02
      2.9095396425727307E-02    5.5811197125907128E-03    5.7551377847442436E-07    1.2488846534364379E+03    3.9853961960079440E-02
      2.9518598711879541E-02    5.0418803110710651E-03    5.4292817691429092E-07    1.0803864978122433E+03    3.7597429842870400E-02
      2.9947956617030185E-02    4.5578466913762730E-03    5.1253680220460446E-07    9.3525912576777841E+02    3.5492846535056181E-02
      3.0383559676719317E-02    4.1231663346503406E-03    4.8418543295183374E-07    8.1019343904887182E+02    3.3529532303533741E-02
      3.0825498728811435E-02    3.7326197212657918E-03    4.5773082655190675E-07    7.0235590537203984E+02    3.1697567689365228E-02
      3.1273865932438208E-02    3.3815511980391068E-03    4.3303994816444524E-07    6.0931951040067565E+02    2.9987740114735630E-02
      3.1728754787216734E-02    3.0658074138545182E-03    4.0998925238429643E-07    5.2900479993029455E+02    2.8391494139164707E-02
      3.2190260152747362E-02    2.7816824974476995E-03    3.8846401413694196E-07    4.5962953263930075E+02    2.6900885124440947E-02
      3.2658478268395096E-02    2.5258692406587824E-03    3.6835770553441186E-07    3.9966568097006450E+02    2.5508536082291190E-02
      3.3133506773358738E-02    2.2954156304579054E-03    3.4957141563204532E-07    3.4780270306133752E+02    2.4207597492906550E-02
      3.3615444727031950E-02    2.0876861444509634E-03    3.3201331022061392E-07    3.0291616681216721E+02    2.2991709895891620E-02
      3.4104392629660446E-02    1.9003272882979468E-03    3.1559812897380067E-07    2.6404094209877030E+02    2.1854969068048215E-02
      3.4600452443299609E-02    1.7312369103155028E-03    3.0024671744524018E-07    2.3034829228868145E+02    2.0791893614469016E-02
      3.5103727613077257E-02    1.5785368792333018E-03    2.8588559157419392E-07    2.0112629440858586E+02    1.9797394810833469E-02
      3.5614323088765068E-02    1.4405487562748022E-03    2.7244653251295929E-07    1.7576310110215320E+02    1.8866748545464326E-02
      3.6132345346664339E-02    1.3157721330314617E-03    2.5986620973341658E-07    1.5373262898182534E+02    1.7995569219696549E-02
      3.6657902411809849E-02    1.2028653425217892E-03    2.4808583050512276E-07    1.3458231894193472E+02    1.7179785474458906E-02
      3.7191103880496679E-02    1.1006282828642446E-03    2.3705081396797539E-07    1.1792266600475963E+02    1.6415617620013936E-02
      3.7732060943134742E-02    1.0079871214492622E-03    2.2671048812408595E-07    1.0341826062025191E+02    1.5699556652838481E-02
      3.8280886407435689E-02    9.2398067300740840E-04    2.1701780819907986E-07    9.0780121188351018E+01    1.5028344752323428E-02
      3.8837694721937141E-02    8.4774826761737298E-04    2.0792909492551564E-07    7.9759129846217007E+01    1.4398957157067453E-02
      3.9402601999869016E-02    7.7851894484232327E-04    1.9940379138807628E-07    7.0140411090634103E+01    1.3808585326561684E-02
      3.9975726043367042E-02    7.1560182818325175E-04    1.9140423716256897E-07    6.1738516293802000E+01    1.3254621300459518E-02
      4.0557186368038511E-02    6.5837755005723005E-04    1.8389545856417375E-07    5.4393297206037033E+01    1.2734643173401696E-02
      4.1147104227885201E-02    6.0629061177584070E-04    1.7684497389806234E-07    4.7966368630774816E+01    1.2246401608745891E-02
      4.1745602640588991E-02    5.5884257570663779E-04    1.7022261267833371E-07    4.2338075039106236E+01    1.1787807319593353E-02
      4.2352806413165120E-02    5.1558599811582669E-04    1.6400034784901718E-07    3.7404888332087950E+01    1.1356919450200420E-02
      4.2968842167988713E-02    4.7611902126688441E-04    1.5815214010456866E-07    3.3077174574241752E+01    1.0951934795272213E-02
      4.3593838369199694E-02    4.4008055232094980E-04    1.5265379346676492E-07    2.9277276579701649E+01    1.0571177798754711E-02
      4.4227925349491944E-02    4.0714596457077544E-04    1.4748282133037822E-07    2.5937866962381062E+01    1.0213091277583186E-02
      4.4871235337292092E-02    3.7702326365030014E-04    1.4261832224247664E-07    2.3000532858809564E+01    9.8762278194780111E-03
      4.5523902484333460E-02    3.4944966768863289E-04    1.3804086472875750E-07    2.0414559163381135E+01    9.5592418072417279E-03
      4.6186062893631252E-02    3.2418855600895155E-04    1.3373238052620667E-07    1.8135881922847993E+01    9.2608820251888387E-03
      4.6857854647864655E-02    3.0102674598407836E-04    1.2967606562434304E-07    1.6126187641117557E+01    8.9799848063151118E-03
      4.7539417838171651E-02    2.7977206211887717E-04    1.2585628855740753E-07    1.4352137749972350E+01    8.7154676815901864E-03
      4.8230894593362737E-02    2.6025116539676331E-04    1.2225850542770072E-07    1.2784700494453848E+01    8.4663234953779327E-03
      4.8932429109559597E-02    2.4230761445616415E-04    1.1886918117553216E-07    1.1398575038350319E+01    8.2316149534306556E-03
      4.9644167680264778E-02    2.2580013330176664E-04    1.1567571664445329E-07    1.0171694779575223E+01    8.0104695722030255E-03
      5.0366258726868826E-02    1.9069854053292831E-04    1.0196138306969245E-07    8.2262541040361992E+00    7.0607607224076104E-03
      5.1098852829601096E-02    1.6901592222059490E-04    9.4436701786344758E-08    6.9818095172733559E+00    6.5396813445633365E-03
      5.1842102758930877E-02    1.6393670368518030E-04    9.5651868058648746E-08    6.4848838233245960E+00    6.6238308335989440E-03
      5.2596163507424999E-02    1.5846216242449901E-04    9.6550785483804510E-08    6.0025696101484307E+00    6.6860802917481071E-03
      5.3361192322069262E-02    1.5307162381632863E-04    9.7395475904464794E-08    5.5525431417698687E+00    6.7445745644348111E-03
      5.4137348737059374E-02    1.4782379317484855E-04    9.8220593306708707E-08    5.1348435944236961E+00    6.8017134180844985E-03
      5.4924794607069428E-02    1.4273331371410832E-04    9.9037067827052214E-08    4.7478156904530531E+00    6.8582537576770634E-03
      5.5723694141003942E-02    1.3780287658951126E-04    9.9849286551349020E-08    4.3894732983295786E+00    6.9144993861087510E-03
      5.6534213936240973E-02    1.3303088879060542E-04    1.0065919495521679E-07    4.0578150261080514E+00    6.9705850263247987E-03
      5.7356523013373226E-02    1.2841398647777671E-04    1.0146764354620400E-07    3.7509191834345312E+00    7.0265695754302823E-03
      5.8190792851454523E-02    1.2394803129065301E-04    1.0227492461350814E-07    3.4669744171886983E+00    7.0824732742656377E-03
      5.9037197423758986E-02    1.1962855866474942E-04    1.0308101663119802E-07    3.2042876754317184E+00    7.1382946321738635E-03
      5.9895913234060266E-02    1.1545099804351621E-04    1.0388570695409238E-07    2.9612832223902461E+00    7.1940189236118337E-03
      6.0767119353438530E-02    1.1141078771413751E-04    1.0468865820519340E-07    2.7364979338420419E+00    7.2496227854377060E-03
      6.1650997457622772E-02    1.0750343691637579E-04    1.0548944638198875E-07    2.5285750827974107E+00    7.3050768557480347E-03
      6.2547731864876319E-02    1.0372455987185988E-04    1.0628758379260660E-07    2.3362576202563643E+00    7.3603473621918578E-03
      6.3457509574433357E-02    1.0006989201619430E-04    1.0708253112850440E-07    2.1583813845353510E+00    7.4153969579967057E-03
      6.4380520305494612E-02    9.6535277363382014E-05    1.0787368171341478E-07    1.9938681202136039E+00    7.4701836312181429E-03
      6.5316956536790066E-02    9.3116664669656032E-05    1.0866035314225498E-07    1.8417192087679748E+00    7.5246601257395887E-03
      6.6267013546717365E-02    8.9810155141786620E-05    1.0944184027115181E-07    1.7010108270914799E+00    7.5787776107977328E-03
      6.7230889454063789E-02    8.6612006801727764E-05    1.1021742848787634E-07    1.5708884911906251E+00    7.6324865999516716E-03
      6.8208785259320712E-02    8.3518624790398667E-05    1.1098639168746238E-07    1.4505617340396706E+00    7.6857368108957788E-03
      6.9200904886599163E-02    8.0526553068779001E-05    1.1174799096156589E-07    1.3392992224780549E+00    7.7384770746986792E-03
      7.0207455226154472E-02    7.7632467067056179E-05    1.1250147369897558E-07    1.2364242667058982E+00    7.7906552735141858E-03
      7.1228646177530081E-02    7.4833167020660845E-05    1.1324607292091858E-07    1.1413106848652994E+00    7.8422182945516398E-03
      7.2264690693328623E-02    7.2125571874437594E-05    1.1398100680733045E-07    1.0533789915743763E+00    7.8931119972704081E-03
      7.3315804823619629E-02    6.9506713638315198E-05    1.1470547833678012E-07    9.7209288238638081E-01    7.9432811884449176E-03
      7.4382207760993302E-02    6.6973732176056001E-05    1.1541867509183220E-07    8.9695599021138861E-01    7.9926696086861197E-03
      7.5464121886269414E-02    6.4523870313408166E-05    1.1611976911589311E-07    8.2750889052844767E-01    8.0412199225281793E-03
      7.6561772814871323E-02    6.2154469302570548E-05    1.1680791694189057E-07    7.6332633632366687E-01    8.0888737204145023E-03
      7.7675389443874143E-02    5.9862964523994951E-05    1.1748225963899264E-07    7.0401470324853388E-01    8.1355715219330067E-03
      7.8805203999737894E-02    5.7646881472877332E-05    1.1814192300776979E-07    6.4920962928840109E-01    8.1812527893309703E-03
      7.9951452086733946E-02    5.5503831970422703E-05    1.1878601785777687E-07    5.9857383315628421E-01    8.2258559467374027E-03
      8.1114372736076884E-02    5.3431510554950385E-05    1.1941364031204649E-07    5.5179509719201225E-01    8.2693184012490196E-03
      8.2294208455770262E-02    5.1427691109444196E-05    1.2002387229283173E-07    5.0858440277507777E-01    8.3115765765676142E-03
      8.3491205281177844E-02    4.9490223640946476E-05    1.2061578204688058E-07    4.6867420569270246E-01    8.3525659493749772E-03
      8.4705612826330101E-02    4.7617031204464266E-05    1.2118842471284174E-07    4.3181684079317229E-01    8.3922210886253901E-03
      8.5937684335977288E-02    4.5806107011793837E-05    1.2174084305863182E-07    3.9778304649643259E-01    8.4304757066078276E-03
      8.7187676738399250E-02    4.4055511670886993E-05    1.2227206829179793E-07    3.6636059956705824E-01    8.4672627150630519E-03
      8.8455850698983818E-02    4.2363370539696054E-05    1.2278112091874784E-07    3.3735305171668806E-01    8.5025142846847541E-03
      8.9742470674584116E-02    4.0727871202621124E-05    1.2326701169387145E-07    3.1057856045659427E-01    8.5361619108456112E-03
      9.1047804968666851E-02    3.9147261081825562E-05    1.2372874272285056E-07    2.8586880720378294E-01    8.5681364900007818E-03
      9.2372125787262435E-02    3.7619845143571263E-05    1.2416530863048165E-07    2.6306799578267592E-01    8.5983684005588867E-03
      9.3715709295729227E-02    3.6143983702964974E-05    1.2457569781845133E-07    2.4203192534690388E-01    8.6267875899821659E-03
      9.5078835676343218E-02    3.4718090316652705E-05    1.2495889379380138E-07    2.2262713209586696E-01    8.6533236667818200E-03
      9.6461789186725405E-02    3.3340629772039337E-05    1.2531387661724353E-07    2.0473009471550491E-01    8.6779060008128957E-03
      9.7864858219119125E-02    3.2010116168406004E-05    1.2563962447784902E-07    1.8822649875799491E-01    8.7004638323205322E-03
      9.9288335360529487E-02    3.0725111069987580E-05    1.2593511533956896E-07    1.7301055545369559E-01    8.7209263859604376E-03
      1.0073251745373747E-01    2.9484221734790635E-05    1.2619932868511101E-07    1.5898437094242751E-01    8.7392229915612459E-03
      1.0219770565920203E-01    2.8286099416625478E-05    1.2643124736260864E-07    1.4605736216953918E-01    8.7552832120051834E-03
      1.0368420551786159E-01    2.7129437732456687E-05    1.2662985951364245E-07    1.3414571594729274E-01    8.7690369767423094E-03
      1.0519232701484992E-01    2.6012971095521346E-05    1.2679416059796046E-07    1.2317188799096090E-01    8.7804147220011050E-03
      1.0672238464413843E-01    2.4935473217923513E-05    1.2692315554727054E-07    1.1306413898854104E-01    8.7893475399372367E-03
      1.0827469747411866E-01    2.3895755668144877E-05    1.2701586099294970E-07    1.0375610489624804E-01    8.7957673329009840E-03
      1.0984958921413877E-01    2.2892666484896220E-05    1.2707130758204606E-07    9.5186398943103490E-02    8.7996069738189124E-03
      1.1144738828200780E-01    2.1925088845657140E-05    1.2708854238239198E-07    8.7298242998762460E-02    8.8008004727464211E-03
      1.1306842787248186E-01    2.0991939787565639E-05    1.2706663137340973E-07    8.0039126130341115E-02    8.7992831493544418E-03
      1.1471304602674634E-01    2.0092168978458870E-05    1.2700466201859217E-07    7.3360488336634722E-02    8.7949918110720865E-03
      1.1638158570290882E-01    1.9224757536871801E-05    1.2690174592092149E-07    6.7217427601467136E-02    8.7878649369727054E-03
      1.1807439484751776E-01    1.8388716896065827E-05    1.2675702153468788E-07    6.1568428532807903E-02    8.7778428655655889E-03
      1.1979182646812032E-01    1.7583087713358946E-05    1.2656965694888011E-07    5.6375111005710493E-02    8.7648679875440005E-03
      1.2153423870687685E-01    1.6806938825285665E-05    1.2633885275253464E-07    5.1601997339356317E-02    8.7488849442087704E-03
      1.2330199491524532E-01    1.6059366241896036E-05    1.2606384494050806E-07    4.7216296624501976E-02    8.7298408286911790E-03
      1.2509546372975242E-01    1.5339492180830102E-05    1.2574390786570523E-07    4.3187704944952776E-02    8.7076853903928792E-03
      1.2691501914886652E-01    1.4646464139901060E-05    1.2537835723072288E-07    3.9488220322691864E-02    8.6823712421553040E-03
      1.2876104061098900E-01    1.3979454006769321E-05    1.2496655310958124E-07    3.6091971302325512E-02    8.6538540695126464E-03
      1.3063391307357994E-01    1.3337657204512265E-05    1.2450790299078040E-07    3.2975058171189786E-02    8.6220928414215865E-03
      1.3253402709343451E-01    1.2720291871851231E-05    1.2400186483147434E-07    3.0115405885368946E-02    8.5870500217608767E-03
      1.3446177890812736E-01    1.2126598076934720E-05    1.2344795011265555E-07    2.7492627840790335E-02    8.5486917809009435E-03
      1.3641757051864131E-01    1.1555837063397223E-05    1.2284572688237140E-07    2.5087899691579145E-02    8.5069882064446670E-03
      1.3840180977319821E-01    1.1007290527905527E-05    1.2219482277767821E-07    2.2883842477745830E-02    8.4619135124957817E-03
      1.4041491045230881E-01    1.0480259927884243E-05    1.2149492800995705E-07    2.0864414377409768E-02    8.4134462463900800E-03
      1.4245729235506005E-01    9.9740658187433843E-06    1.2074579830370099E-07    1.9014810450523396E-02    8.3615694922045663E-03
      1.4452938138665714E-01    9.4880472193355088E-06    1.1994725777203733E-07    1.7321369786351671E-02    8.3062710698855249E-03
      1.4663160964723915E-01    9.0215610052353820E-06    1.1909920172020005E-07    1.5771489511859187E-02    8.2475437293872134E-03
      1.4876441552198649E-01    8.5739813274159941E-06    1.1820159934169377E-07    1.4353545154408747E-02    8.1853853373794784E-03
      1.5092824377253858E-01    8.1446990579060580E-06    1.1725449632641001E-07    1.3056816896520107E-02    8.1197990578581562E-03
      1.5312354562974240E-01    7.7331212601621528E-06    1.1625801734582569E-07    1.1871421287362825E-02    8.0507935242434790E-03
      1.5535077888774818E-01    7.3386706831164350E-06    1.1521236839656241E-07    1.0788248010048899E-02    7.9783830016700603E-03
      1.5761040799947562E-01    6.9607852784510193E-06    1.1411783899092169E-07    9.7989013341198850E-03    7.9025875386800597E-03
      1.5990290417346781E-01    6.5989177403951375E-06    1.1297480417993686E-07    8.8956459093136927E-03    7.8234331073182405E-03
      1.6222874547215360E-01    6.2525350670094742E-06    1.1178372638880231E-07    8.0713565814520966E-03    7.7409517302342648E-03
      1.6458841691154039E-01    5.9211181423122230E-06    1.1054515705014160E-07    7.3194719352652994E-03    7.6551815937854839E-03
      1.6698241056235552E-01    5.6041613387244323E-06    1.0925973802357026E-07    6.6339512907032817E-03    7.5661671463407420E-03
      1.6941122565265992E-01    5.3011721386564765E-06    1.0792820277831008E-07    6.0092348985021681E-03    7.4739591801756674E-03
      1.7187536867195427E-01    5.0116707746284822E-06    1.0655137732518220E-07    5.4402071001568141E-03    7.3786148960125978E-03
      1.7437535347679819E-01    4.7351898874405336E-06    1.0513018088796474E-07    4.9221622347340004E-03    7.2801979495116685E-03
      1.7691170139796733E-01    4.4712742014092920E-06    1.0366562629495754E-07    4.4507730903225809E-03    7.1787784783864210E-03
      1.7948494134916793E-01    4.2194802158470032E-06    1.0215882007417173E-07    4.0220617129520242E-03    7.0744331089956222E-03
      1.8209560993733337E-01    3.9793759123949133E-06    1.0061096224620701E-07    3.6323723999299473E-03    6.9672449420001403E-03
      1.8474425157452462E-01    3.7505404772637907E-06    9.9023345797799270E-08    3.2783467166404259E-03    6.8573035159064637E-03
      1.8743141859145823E-01    3.5325640376422587E-06    9.7397355823650430E-08    2.9569003878633605E-03    6.7447047476389584E-03
      1.9015767135268619E-01    3.3250474117567249E-06    9.5734468331282850E-08    2.6652019257490667E-03    6.6295508497767981E-03
      1.9292357837345039E-01    3.1276018716467360E-06    9.4036248694002584E-08    2.4006528663100789E-03    6.5119502234226630E-03
      1.9572971643823783E-01    2.9398489181618434E-06    9.2304349749842057E-08    2.1608694960362643E-03    6.3920173265557233E-03
      1.9857667072105856E-01    2.7614200674673915E-06    9.0540509540562023E-08    1.9436659587058001E-03    6.2698725174589786E-03
      2.0146503490747469E-01    2.5919566480511851E-06    8.8746548676065510E-08    1.7470386403069522E-03    6.1456418722065946E-03
      2.0439541131840380E-01    2.4311096081015216E-06    8.6924367338649740E-08    1.5691517380778913E-03    6.0194569772102670E-03
      2.0736841103572293E-01    2.2785393322689197E-06    8.5075941917453187E-08    1.4083239259120484E-03    5.8914546961568257E-03
      2.1038465402969958E-01    2.1339154668370845E-06    8.3203321262134218E-08    1.2630160348575496E-03    5.7617769105778706E-03
      2.1344476928827660E-01    1.9969167534010523E-06    8.1308622585703413E-08    1.1318196740336508E-03    5.6305702361235214E-03
      2.1654939494823705E-01    1.8672308700201641E-06    7.9394027010019627E-08    1.0134467220134597E-03    5.4979857140908675E-03
      2.1969917842827727E-01    1.7445542786265119E-06    7.7461774736197161E-08    9.0671962379743477E-04    5.3641784769777427E-03
      2.2289477656401521E-01    1.6285920791548227E-06    7.5514159892667156E-08    8.1056243416364050E-04    5.2293073917142642E-03
      2.2613685574496334E-01    1.5190578694035584E-06    7.3553525061008496E-08    7.2399255165842902E-04    5.0935346805801142E-03
      2.2942609205349229E-01    1.4156736093357898E-06    7.1582255460963784E-08    6.4611309148295112E-04    4.9570255185206096E-03
      2.3276317140581748E-01    1.3181694900471503E-06    6.9602772845652401E-08    5.7610585005928982E-04    4.8199476103940988E-03
      2.3614878969503536E-01    1.2262838069716179E-06    6.7617529136057806E-08    5.1322481713381954E-04    4.6824707501642686E-03
      2.3958365293624048E-01    1.1397628358775687E-06    6.5628999770149389E-08    4.5679019407924746E-04    4.5447663603310770E-03
      2.4306847741375354E-01    1.0583607119986046E-06    6.3639676833231878E-08    4.0618288086515224E-04    4.4070070162118349E-03
      2.4660398983049048E-01    9.8183931149252642E-07    6.1652061980960911E-08    3.6083939638979681E-04    4.2693659558645436E-03
      2.5019092745950455E-01    9.0996813439614905E-07    5.9668659160271588E-08    3.2024719946989737E-04    4.1320165760168467E-03
      2.5383003829773271E-01    8.4252418963973599E-07    5.7691967220513564E-08    2.8394038067740149E-04    3.9951319203918511E-03
      2.5752208122197773E-01    7.7929188040522943E-07    5.5724472367578399E-08    2.5149569656030392E-04    3.8588841571612527E-03
      2.6126782614715954E-01    7.2006289009009027E-07    5.3768640531980976E-08    2.2252892059261811E-04    3.7234440504398535E-03
      2.6506805418686868E-01    6.6463606932078306E-07    5.1826909749031962E-08    1.9669148706745335E-04    3.5889804326173580E-03
      2.6892355781625438E-01    6.1281732156539928E-07    4.9901682436531397E-08    1.7366740500199439E-04    3.4556596695935874E-03
      2.7283514103728229E-01    5.6441948882075885E-07    4.7995317731372834E-08    1.5317042203242534E-04    3.3236451300932028E-03
      2.7680361954639610E-01    5.1926223747253519E-07    4.6110123968791806E-08    1.3494141924434418E-04    3.1930966648584607E-03
      2.8082982090461706E-01    4.7717194151811166E-07    4.4248351132977320E-08    1.1874601853406741E-04    3.0641700838588766E-03
      2.8491458471011949E-01    4.3798156517579853E-07    4.2412183494132643E-08    1.0437238677269170E-04    2.9370166464123800E-03
      2.8905876277331366E-01    4.0153054524346706E-07    4.0603732542813128E-08    9.1629221665655910E-05    2.8117825718927199E-03
      2.9326321929447768E-01    3.6766467011133591E-07    3.8825029989421493E-08    8.0343904524632007E-05    2.6886085549489764E-03
      2.9752883104397232E-01    3.3623595735933186E-07    3.7078021044931021E-08    7.0360807485387946E-05    2.5676293001999336E-03
      3.0185648754507677E-01    3.0710253121822402E-07    3.5364558187049793E-08    6.1539743366606018E-05    2.4489730905449250E-03
      3.0624709125948441E-01    2.8012849611832590E-07    3.3686395064078338E-08    5.3754546193847130E-05    2.3327613650098696E-03
      3.1070155777549596E-01    2.5518380821383705E-07    3.2045180750387201E-08    4.6891772536769936E-05    2.2191083209427563E-03
      3.1522081599895091E-01    2.3214414735670693E-07    3.0442454706584867E-08    4.0849514534730498E-05    2.1081205650084899E-03
      3.1980580834693517E-01    2.1089078488828365E-07    2.8879641936350774E-08    3.5536314849393119E-05    1.9998967778026662E-03
      3.2445749094430676E-01    1.9131044889151742E-07    2.7358048519143259E-08    3.0870175740966776E-05    1.8945274044944462E-03
      3.2917683382308022E-01    1.7329519052077109E-07    2.5878858044269853E-08    2.6777655272343755E-05    1.7920944078882038E-03
      3.3396482112471049E-01    1.5674224647455805E-07    2.4443128317109141E-08    2.3193042755624209E-05    1.6926710403314857E-03
      3.3882245130531957E-01    1.4155389892007638E-07    2.3051788469948552E-08    2.0057607241394708E-05    1.5963216436423759E-03
      3.4375073734390826E-01    1.2763733685136607E-07    2.1705637099986604E-08    1.7318913627047940E-05    1.5031015201673365E-03
      3.4875070695359611E-01    1.1490451359825916E-07    2.0405340632034927E-08    1.4930200025714858E-05    1.4130568193993693E-03
      3.5382340279593438E-01    1.0327200320259486E-07    1.9151432271459236E-08    1.2849811712870894E-05    1.3262244654698447E-03
      3.5896988269833557E-01    9.2660858758814227E-08    1.7944312108415236E-08    1.1040687277765832E-05    1.2426321643667733E-03
      3.6419121987466652E-01    8.2996465416875037E-08    1.6784247035226171E-08    9.4698916648264492E-06    1.1622983982132521E-03
      3.6948850314904863E-01    7.4208395269271697E-08    1.5671371696323268E-08    8.1081930208783463E-06    1.0852324910502356E-03
      3.7486283718291580E-01    6.6230264931089118E-08    1.4605690721123391E-08    6.9296796171364587E-06    1.0114347634618880E-03
      3.8031534270537176E-01    5.8999585935658338E-08    1.3587080120063984E-08    5.9114123267132626E-06    9.4089662925011196E-04
      3.8584715674690045E-01    5.2457619820702418E-08    1.2615290157840395E-08    5.0331108525998426E-06    8.7360079440440097E-04
      3.9145943287647533E-01    4.6549236942505112E-08    1.1689949662251775E-08    4.2768705541047723E-06    8.0952155548666795E-04
      3.9715334144211678E-01    4.1222767552706991E-08    1.0810568953457867E-08    3.6269060871877937E-06    7.4862500248040916E-04
      4.0293006981494905E-01    3.6429858595787004E-08    9.9765443481692079E-09    3.0693207521242617E-06    6.9086933070300165E-04
      4.0879082263680727E-01    3.2125335294980192E-08    9.1871642064702754E-09    2.5918990625960849E-06    6.3620525954434829E-04
      4.1473682207144513E-01    2.8267057028777206E-08    8.4416136147810803E-09    2.1839195490816311E-06    5.8457635675898028E-04
      4.2076930805939849E-01    2.4815777350688674E-08    7.7389800534782797E-09    1.8359867810175896E-06    5.3591943094520253E-04
      4.2688953857655249E-01    2.1735009391320128E-08    7.0782605158121762E-09    1.5398808690012369E-06    4.9016502452555442E-04
      4.3309878989647338E-01    1.8990890423032781E-08    6.4583681825985458E-09    1.2884223341334646E-06    4.4723787596495949E-04
      4.3939835685655376E-01    1.6552047575170189E-08    5.8781389527131948E-09    1.0753510606052561E-06    4.0705737200330745E-04
      4.4578955312802987E-01    1.4389467741446484E-08    5.3363386872193715E-09    8.9521818785331553E-07    3.6953804930665488E-04
      4.5227371148992612E-01    1.2476372967832131E-08    4.8316716855939708E-09    7.4328974576604147E-07    3.3459018144048195E-04
      4.5885218410698403E-01    1.0788095015293621E-08    4.3627880264500887E-09    6.1546049311584628E-07    3.0212028721004602E-04
      4.6552634281163441E-01    9.3019517397955987E-09    3.9282903399788181E-09    5.0817714022437769E-07    2.7203159964765417E-04
      4.7229757939007011E-01    7.9971333766950696E-09    3.5267432315691785E-09    4.1837045506058664E-07    2.4422471859233144E-04
      4.7916730587248013E-01    6.8545880988315365E-09    3.1566811734574441E-09    3.4339475387305045E-07    2.1859815718150121E-04
      4.8613695482750624E-01    5.8569079896255946E-09    2.8166147927739149E-09    2.8097412030911226E-07    1.9504877729421228E-04
      4.9320797966098012E-01    4.9882260141904735E-09    2.5050402467269823E-09    2.2915517373207738E-07    1.7347243877665358E-04
      5.0038185491900844E-01    4.2341134515699200E-09    2.2204470930572535E-09    1.8626517290120843E-07    1.5376454446608070E-04
      5.0766007659546486E-01    3.5814775862907051E-09    1.9613240059887335E-09    1.5087491281315664E-07    1.3582043601678825E-04
      5.1504416244395479E-01    3.0184700504277386E-09    1.7261675505417076E-09    1.2176635079977656E-07    1.1953600151567860E-04
      5.2253565229431842E-01    2.5343964499524606E-09    1.5134894239874866E-09    9.7904036252154243E-08    1.0480817694838275E-04
      5.3013610837373670E-01    2.1196263425800105E-09    1.3218211198555680E-09    7.8409914198509190E-08    9.1535269178780364E-05
      5.3784711563250787E-01    1.7656065681132208E-09    1.1497826824064046E-09    6.2544803350907878E-08    7.9621717152371033E-05
      5.4567028207456370E-01    1.4649835251408034E-09    9.9623875293607229E-10    4.9695339472859579E-08    6.8988898003309284E-05
      5.5360723909279130E-01    1.2104009372932094E-09    8.5954267367467492E-10    3.9318577528389910E-08    5.9522781731658915E-05
      5.6165964180923367E-01    9.9523457972961701E-10    7.3802461884470642E-10    3.0958479943919629E-08    5.1107733967738824E-05
      5.6982916942023853E-01    8.1419020021661102E-10    6.3048991918077492E-10    2.4253011211052512E-08    4.3661024627164194E-05
      5.7811752554662676E-01    6.6256686984015296E-10    5.3578252384357344E-10    1.8899709905036890E-08    3.7102597926916622E-05
      5.8652643858895481E-01    5.3620424633454969E-10    4.5278838329119105E-10    1.4646750923932974E-08    3.1355306647023963E-05
      5.9505766208794419E-01    4.3143461898789244E-10    3.8043971747945207E-10    1.1285262441718092E-08    2.6345207700710586E-05
      6.0371297509015309E-01    3.4503680030668584E-10    3.1771792513278697E-10    8.6426657160227608E-09    2.2001763599548933E-05
      6.1249418251896770E-01    2.7419120907138365E-10    2.6365429298810243E-10    6.5769031971978071E-09    1.8257891568145017E-05
      6.2140311555099093E-01    2.1644365699534387E-10    2.1733555176682716E-10    4.9716255519371267E-09    1.5050348291657671E-05
      6.3044163199790071E-01    1.6966703451429580E-10    1.7790472979297399E-10    3.7319571004554352E-09    1.2319789028304702E-05
      6.3961161669386923E-01    1.3202436339864423E-10    1.4455985922913241E-10    2.7808584358073142E-09    1.0010678017030848E-05
      6.4891498188861263E-01    1.0194188273579423E-10    1.1655995755775207E-10    2.0561892029767900E-09    8.0717026912702542E-06
      6.5835366764615966E-01    7.8076028206963095E-11    9.3221683386020181E-11    1.5080431272191311E-09    6.4555420955679553E-06
      6.6792964224942020E-01    5.9286061814968897E-11    7.3918598688511893E-11    1.0965647403732613E-09    5.1188157963541226E-06
      6.7764490261063837E-01    4.4612805759282402E-11    5.8084721491292434E-11    7.9018146328270963E-10    4.0223299030514015E-06
      6.8750147468781542E-01    3.3251525913831042E-11    4.5207911416096697E-11    5.6398104139758475E-10    3.1306190212296124E-06
      6.9750141390719134E-01    2.4533679574875167E-11    3.4830949800621403E-11    3.9847514682968499E-10    2.4120210502468286E-06
      7.0764680559186743E-01    1.7908567075695317E-11    2.6549867784660177E-11    2.7853835966384423E-10    1.8385614042809706E-06
      7.1793976539667004E-01    1.2924132189348809E-11    2.0007870533718518E-11    1.9249133850911722E-10    1.3855322686917179E-06
      7.2838243974933170E-01    9.2146444171858604E-12    1.4896185776244510E-11    1.3142379606521517E-10    1.0315513606823362E-06
      7.3897700629809626E-01    6.4854582881100174E-12    1.0947953881966215E-11    8.8577153969643006E-11    7.5813882112289929E-07
      7.4972567436583082E-01    4.5017462652291953E-12    7.9353845609404801E-12    5.8877273418990042E-11    5.4952031777355241E-07
      7.6063068541074230E-01    3.0789419153861431E-12    5.6673720968849540E-12    3.8561489252858141E-11    3.9246190171432366E-07
      7.7169431349379969E-01    2.0723624096023024E-12    3.9832497425140081E-12    2.4854420029778446E-11    2.7583750320706558E-07
      7.8291886575294944E-01    1.3710412781927800E-12    2.7517726746813869E-12    1.5746139078518560E-11    1.9055850198799662E-07
      7.9430668288423212E-01    8.9032783305625940E-13    1.8659490361017214E-12    9.7917232060405725E-12    1.2921578020490376E-07
      8.0586013962989678E-01    5.6641210132169690E-13    1.2395614633925558E-12    5.9652318312938988E-12    8.5838840453448322E-08
      8.1758164527361310E-01    3.5244075854273356E-13    8.0538779811144630E-13    3.5544020914480017E-12    5.5772591151737533E-08
      8.2947364414288960E-01    2.1396399675040755E-13    5.1055093829033444E-13    2.0663636597680581E-12    3.5355326726048293E-08
      8.4153861611879632E-01    1.2635222735378493E-13    3.1481658616904324E-13    1.1685157787694600E-12    2.1800847727472244E-08
      8.5377907715310419E-01    7.2370097681368068E-14    1.8828066200762186E-13    6.4090913707974403E-13    1.3038315713936983E-08
      8.6619757979294609E-01    4.0021120098028327E-14    1.0871783098612714E-13    3.3940025864189270E-13    7.5286404297547259E-09
      8.7879671371310686E-01    2.1239220604154730E-14    6.0243167138596949E-14    1.7248333098505006E-13    4.1718008869583415E-09
      8.9157910625605863E-01    1.0745244166296239E-14    3.1822499966906207E-14    8.3562316058484670E-14    2.2036878187653503E-09
      9.0454742297985113E-01    5.1289448027499802E-15    1.5859006647702164E-14    3.8195115763144608E-14    1.0982260917151207E-09
      9.1770436821396695E-01    2.2573727096416104E-15    7.2870054339294811E-15    1.6097880569423188E-14    5.0462047691812762E-10
      9.3105268562326715E-01    9.4093400394186493E-16    3.1726630529377894E-15    6.4255486998682388E-15    2.1970489213847940E-10
      9.4459515878013867E-01    3.1302298991971354E-16    1.0938375058058045E-15    2.5778031135177706E-15    7.5747549367890578E-11
      9.5833461174495915E-01    9.0737952302011386E-20    3.3533475544906830E-19    5.6821315060137099E-19    2.3221717858756040E-14
      9.7227390965501126E-01    1.8815157530173277E-19    7.2495978126314027E-19    1.1282771440327533E-18    5.0203002301069445E-14
      9.8641595932195902E-01    1.5319000946248334E-19    6.1292967017785884E-19    8.7967854535181848E-19    4.2444988587806638E-14
      1.0007637098380155E+00    2.6092853739739047E-21    1.0793596201574467E-20    2.9845579253914449E-20    7.4744965024173302E-16
      1.0153201531909284E+00    1.6407129764896810E-21    7.2065810991762449E-21    8.6396752916604888E-21    4.9905114305019378E-16
      1.0300883248879082E+00    1.8714932999018451E-21    8.5428934332642545E-21    9.4371033117832399E-21    5.9158991956863511E-16
      1.0450713045886357E+00    1.7008519109371536E-22    7.9981104647306564E-22    2.2790643085391316E-21    5.5386404658955400E-17
      1.0602722167474716E+00    2.1249045769624096E-23    1.0662494964097481E-22    9.8256460474090468E-23    7.3837097319393513E-18
      1.0756942312650144E+00    2.8081444395260763E-23    1.4578557652591196E-22    1.2434454886712958E-22    1.0095558157779440E-17
      1.0913405641491261E+00    8.9295730053657416E-25    4.7845913378440908E-24    9.4750807206035009E-24    3.3132989739782216E-19
      1.1072144781855811E+00    3.7683191976653329E-25    2.1441063524285111E-24    1.5301226432505579E-24    1.4847799688578259E-19
      1.1233192836184660E+00    2.0726600542565421E-25    1.2169318670461611E-24    1.1051368847628011E-24    8.4271755344987721E-20
      1.1396583388404751E+00    1.6140158349009249E-27    1.0046307943565430E-26    6.0097665337065032E-27    6.9570041517241185E-22
      1.1562350510932515E+00    1.9636262312897448E-27    1.2620842453938846E-26    7.0583973921014531E-27    8.7398528736664648E-22
      1.1730528771779078E+00    5.7399843354229613E-30    3.8707063032651360E-29    1.9598903179835028E-29    2.6804394184599669E-24
      1.1901153241758864E+00    2.0660139214652870E-30    1.4469252895869250E-29    7.2072081127720431E-30    1.0019865311154645E-24
      1.2074259501803042E+00    1.6164284865900550E-32    1.1932610855581567E-31    5.0611453079197290E-32    8.2632568829785630E-27
      1.2249883650379345E+00    1.2310019892502424E-32    9.3975024997977495E-32    4.0668404142047955E-32    6.5077105215359282E-27
