      1.5739455852146610E-03    3.8090725639047501E-02    6.2212335905190781E-10    5.3842340763714783E+07    4.3081645676417832E-05
      1.5968391509250449E-03    3.9764538939101868E-02    6.7821528183773520E-10    5.3825275659966335E+07    4.6965975540595742E-05
      1.6200657112166008E-03    4.1511449235615380E-02    7.3935646163903105E-10    5.3807626118979156E+07    5.1199963231480379E-05
      1.6436301096070438E-03    4.3334609529509620E-02    8.0600033316160913E-10    5.3789369000064120E+07    5.5815008813141087E-05
      1.6675372600646770E-03    4.5237305384812278E-02    8.7864090348295725E-10    5.3770480199174620E+07    6.0845321960498929E-05
      1.6917921480331182E-03    4.7222960194951459E-02    9.5781636274707325E-10    5.3750934609034464E+07    6.6328171997640339E-05
      1.7163998314709326E-03    4.9295140630083521E-02    1.0441130131051703E-09    5.3730706077633731E+07    7.2304159974454193E-05
      1.7413654419063864E-03    5.1457562269020589E-02    1.1381695440101079E-09    5.3709767365119293E+07    7.8817514728043311E-05
      1.7666941855075436E-03    5.3714095419045482E-02    1.2406816838557134E-09    5.3688090098987296E+07    8.5916415005779520E-05
      1.7923913441679267E-03    5.6068771126610864E-02    1.3524072607098112E-09    5.3665644727562688E+07    9.3653339917837062E-05
      1.8184622766079673E-03    5.8525787381651595E-02    1.4741717075811267E-09    5.3642400471696027E+07    1.0208545017341312E-04
      1.8449124194924822E-03    6.1089515517687397E-02    1.6068740499802634E-09    5.3618325274524242E+07    1.1127500271550514E-04
      1.8717472885643974E-03    6.3764506809953325E-02    1.7514934192841821E-09    5.3593385749539450E+07    1.2128980176724530E-04
      1.8989724797949684E-03    6.6555499272410959E-02    1.9090961340387779E-09    5.3567547126421481E+07    1.3220368920758579E-04
      1.9265936705507262E-03    6.9467424655054497E-02    2.0808434013854041E-09    5.3540773195101619E+07    1.4409707789017178E-04
      1.9546166207773997E-03    7.2505415641250154E-02    2.2679996889989833E-09    5.3513026247593179E+07    1.5705753139471414E-04
      1.9830471742010576E-03    7.5674813244818478E-02    2.4719418263431579E-09    5.3484267017758921E+07    1.7118039428310150E-04
      2.0118912595467218E-03    7.8981174405509627E-02    2.6941688971666980E-09    5.3454454618913092E+07    1.8656947714846479E-04
      2.0411548917747052E-03    8.2430279780265250E-02    2.9363129890761485E-09    5.3423546479002759E+07    2.0333780101622443E-04
      2.0708441733349298E-03    8.6028141727744381E-02    3.2001508763221632E-09    5.3391498273825832E+07    2.2160840636958987E-04
      2.1009652954395055E-03    8.9781012480592198E-02    3.4876167093978791E-09    5.3358263857492253E+07    2.4151523189615067E-04
      2.1315245393537866E-03    9.3695392500767818E-02    3.8008158013326430E-09    5.3323795190786794E+07    2.6320406917992075E-04
      2.1625282777062381E-03    9.7778039010118084E-02    4.1420395994567683E-09    5.3288042266928323E+07    2.8683359948649545E-04
      2.1939829758173416E-03    1.0203597468773309E-01    4.5137819428948931E-09    5.3250953034853801E+07    3.1257651958409343E-04
      2.2258951930478298E-03    1.0647649652351455E-01    4.9187567125407871E-09    5.3212473319918588E+07    3.4062076399305093E-04
      2.2582715841665347E-03    1.1110718481573727E-01    5.3599169897513477E-09    5.3172546742075399E+07    3.7117083171315699E-04
      2.2911189007381290E-03    1.1593591229773696E-01    5.8404758470103980E-09    5.3131114631328478E+07    4.0444922596385616E-04
      2.3244439925310563E-03    1.2097085337719422E-01    6.3639289062468295E-09    5.3088115940591663E+07    4.4069801633338690E-04
      2.3582538089459352E-03    1.2622049346818853E-01    6.9340788080433377E-09    5.3043487155788191E+07    4.8018053325587411E-04
      2.3925554004647445E-03    1.3169363839415754E-01    7.5550617492967653E-09    5.2997162203343779E+07    5.2318320572737641E-04
      2.4273559201210856E-03    1.3739942383573225E-01    8.2313762542161754E-09    5.2949072354816735E+07    5.7001755367914477E-04
      2.4626626249918274E-03    1.4334732479505100E-01    8.9679143606689950E-09    5.2899146128856294E+07    6.2102234761219569E-04
      2.4984828777104549E-03    1.4954716504403248E-01    9.7699954153665452E-09    5.2847309190496296E+07    6.7656594889234671E-04
      2.5348241480024213E-03    1.5600912651936208E-01    1.0643402683123404E-08    5.2793484247581221E+07    7.3704884491806826E-04
      2.5716940142428402E-03    1.6274375862386956E-01    1.1594422995929598E-08    5.2737590944653317E+07    8.0290639479343637E-04
      2.6091001650368219E-03    1.6976198738772469E-01    1.2629889677701228E-08    5.2679545754095688E+07    8.7461180183972501E-04
      2.6470504008228308E-03    1.7707512443837936E-01    1.3757229000638457E-08    5.2619261864661321E+07    9.5267933066855678E-04
      2.6855526354993054E-03    1.8469487572273519E-01    1.4984510448133320E-08    5.2556649067595363E+07    1.0376677878561984E-03
      2.7246148980749922E-03    1.9263334991741399E-01    1.6320501071362312E-08    5.2491613640139200E+07    1.1301842861029163E-03
      2.7642453343432599E-03    2.0090306645828904E-01    1.7774724255584188E-08    5.2424058226861045E+07    1.2308883137616040E-03
      2.8044522085807697E-03    2.0951696311104720E-01    1.9357523222975419E-08    5.2353881718651548E+07    1.3404961323686200E-03
      2.8452439052708551E-03    2.1848840299849723E-01    2.1080129628065542E-08    5.2280979129774824E+07    1.4597855268339199E-03
      2.8866289308519676E-03    2.2783118099015792E-01    2.2954737616989666E-08    5.2205241472945184E+07    1.5896009339970401E-03
      2.9286159154915553E-03    2.3755952935211680E-01    2.4994583750983798E-08    5.2126555632843658E+07    1.7308589772781534E-03
      2.9712136148857429E-03    2.4768812254354275E-01    2.7214033211329144E-08    5.2044804238113135E+07    1.8845544363154613E-03
      3.0144309120851863E-03    2.5779246553891988E-01    2.9577868711929021E-08    5.1871408815036677E+07    2.0482485365167120E-03
      3.0582768193474900E-03    2.6774224136943420E-01    3.2079437569477015E-08    5.1589384128931358E+07    2.2214805838075965E-03
      3.1027604800165642E-03    2.7796567538982292E-01    3.4778859247880210E-08    5.1288529110241354E+07    2.4084138127052181E-03
      3.1478911704293172E-03    2.8856740931581226E-01    3.7703854389572103E-08    5.0987295873924136E+07    2.6109678600112923E-03
      3.1936783018500850E-03    2.9955990580444991E-01    4.0872994344345472E-08    5.0685532061905280E+07    2.8304287798497536E-03
      3.2401314224331963E-03    3.1095589726350331E-01    4.4306338622197112E-08    5.0383083967022136E+07    3.0681856804891643E-03
      3.2872602192140820E-03    3.2276837826642751E-01    4.8025548526794530E-08    5.0079796462405935E+07    3.3257385933877794E-03
      3.3350745201293479E-03    3.3501059629630708E-01    5.2054008705463758E-08    4.9775512935150117E+07    3.6047068904526479E-03
      3.3835842960662278E-03    3.4769604066036214E-01    5.6416957064878341E-08    4.9470075224533170E+07    3.9068382806181868E-03
      3.4327996629418562E-03    3.6083842940659616E-01    6.1141623507751744E-08    4.9163323565327734E+07    4.2340184172736080E-03
      3.4827308838127637E-03    3.7445169406101375E-01    6.6257377958230400E-08    4.8855096536510423E+07    4.5882811489269468E-03
      3.5333883710150786E-03    3.8854996199265124E-01    7.1795888144997714E-08    4.8545231015896216E+07    4.9718194455843322E-03
      3.5847826883358444E-03    4.0314753620087829E-01    7.7791287612243005E-08    4.8233562141244322E+07    5.3869970334024025E-03
      3.6369245532159255E-03    4.1825887230530839E-01    8.4280354428882809E-08    4.7919923278288715E+07    5.8363607701878446E-03
      3.6898248389849544E-03    4.3389855250597065E-01    9.1302701053039940E-08    4.7604145996367440E+07    6.3226537933914369E-03
      3.7434945771287849E-03    4.5008125626632406E-01    9.8900975798007946E-08    4.7286060052207142E+07    6.8488294714975423E-03
      3.7979449595899272E-03    4.6682172745919659E-01    1.0712107632312072E-07    4.6965493382741511E+07    7.4180661881306127E-03
      3.8531873411014423E-03    4.8413473779328736E-01    1.1601237556504495E-07    4.6642272116701290E+07    8.0337829876530389E-03
      3.9092332415547890E-03    5.0203504612681882E-01    1.2562796044278910E-07    4.6316220593651727E+07    8.6996561053347219E-03
      3.9660943484021056E-03    5.2053735326988193E-01    1.3602488361751127E-07    4.5987161383760847E+07    9.4196364015591318E-03
      4.0237825190934332E-03    5.3965625209424584E-01    1.4726442857217156E-07    4.5654915323992670E+07    1.0197967718420105E-02
      4.0823097835494000E-03    5.5940617259570813E-01    1.5941238817164962E-07    4.5319301569116727E+07    1.1039206169832259E-02
      4.1416883466698562E-03    5.7980132154202269E-01    1.7253935676094690E-07    4.4980137656934097E+07    1.1948240369145107E-02
      4.2019305908790076E-03    6.0085561633903761E-01    1.8672103575120222E-07    4.4637239588667959E+07    1.2930312590779695E-02
      4.2630490787075696E-03    6.2258261273397697E-01    2.0203855250383941E-07    4.4290421925629549E+07    1.3991040852752332E-02
      4.3250565554124728E-03    6.4499542596010029E-01    2.1857879216175116E-07    4.3939497903232276E+07    1.5136441895772377E-02
      4.3879659516346762E-03    6.6810664491529970E-01    2.3643474188686165E-07    4.3584279563578077E+07    1.6372955021473796E-02
      4.4517903860956526E-03    6.9192823895370248E-01    2.5570584673926079E-07    4.3224577907777116E+07    1.7707466736818157E-02
      4.5165431683330615E-03    7.1647145686127534E-01    2.7649837618028218E-07    4.2860203069337443E+07    1.9147336134198924E-02
      4.5822378014762502E-03    7.4174671757455557E-01    2.9892579988130130E-07    4.2490964509833090E+07    2.0700420915960964E-02
      4.6488879850621039E-03    7.6776349220111206E-01    3.2310917118382002E-07    4.2116671238398954E+07    2.2375103948766739E-02
      4.7165076178918618E-03    7.9453017688755578E-01    3.4917751616388584E-07    4.1737132056177028E+07    2.4180320206059071E-02
      4.7851108009294811E-03    8.2205395609204046E-01    3.7726822581651627E-07    4.1352155827485822E+07    2.6125583926582350E-02
      4.8547118402421626E-03    8.5034065581215934E-01    4.0752744836852932E-07    4.0961551779021278E+07    2.8221015781795696E-02
      4.9253252499836470E-03    8.7939458632768042E-01    4.4011047816510644E-07    4.0565129828532875E+07    3.0477369806019335E-02
      4.9969657554209020E-03    9.0921837403896799E-01    4.7518213693621839E-07    4.0162700944856808E+07    3.2906059798891329E-02
      5.0696482960048347E-03    9.3981278199163265E-01    5.1291714253578087E-07    3.9754077540772051E+07    3.5519184860318812E-02
      5.1433880284856718E-03    9.7117651870089972E-01    5.5350045943726419E-07    3.9339073900119588E+07    3.8329553662075383E-02
      5.2182003300736447E-03    1.0033060349339999E+00    5.9712762439125258E-07    3.8917506641189054E+07    4.1350706999379254E-02
      5.2941008016456625E-03    1.0361953081479571E+00    6.4400503965358223E-07    3.8489195218202733E+07    4.4596938096754718E-02
      5.3711052709986117E-03    1.0698356143220848E+00    6.9435022509905716E-07    3.8053962462357506E+07    4.8083310066746168E-02
      5.4492297961499844E-03    1.1042152869966917E+00    7.4839201932845509E-07    3.7611635164300464E+07    5.1825669836449900E-02
      5.5284906686865155E-03    1.1393194634111061E+00    8.0637071856219091E-07    3.7162044700086862E+07    5.5840657765811659E-02
      5.6089044171615358E-03    1.1751298177248410E+00    8.6853814066488783E-07    3.6705027702589564E+07    6.0145712081287425E-02
      5.6904878105417060E-03    1.2116242814158760E+00    9.3515760007946111E-07    3.6240426780379280E+07    6.4759067140044632E-02
      5.7732578617039308E-03    1.2487767510679020E+00    1.0065037777368808E-06    3.5768091285821930E+07    6.9699744421296270E-02
      5.8572318309831062E-03    1.2865567839284837E+00    1.0828624681963575E-06    3.5287878134776980E+07    7.4987535015920065E-02
      5.9424272297714797E-03    1.3249292817915350E+00    1.1645301843090881E-06    3.4799652680186883E+07    8.0642972249675135E-02
      6.0288618241703673E-03    1.3638541639639932E+00    1.2518135976312521E-06    3.4303289641909197E+07    8.6687292932159030E-02
      6.1165536386949756E-03    1.4032860303155588E+00    1.3450287906245662E-06    3.3798674095293954E+07    9.3142385572173192E-02
      6.2055209600331233E-03    1.4431738156903628E+00    1.4445002944171854E-06    3.3285702521260075E+07    1.0003072374327943E-01
      6.2957823408586293E-03    1.4834604372599860E+00    1.5505598835384765E-06    3.2764283920336917E+07    1.0737528261995179E-01
      6.3873566037001648E-03    1.5240824367770811E+00    1.6635450966794220E-06    3.2234340993834697E+07    1.1519943654117856E-01
      6.4802628448663866E-03    1.5649696201055014E+00    1.7837974501633497E-06    3.1695811395401210E+07    1.2352683529445006E-01
      6.5745204384281587E-03    1.6060446968713853E+00    1.9116603085075505E-06    3.1148649056342404E+07    1.3238125665350922E-01
      6.6701490402586907E-03    1.6472229236219587E+00    2.0474763742996836E-06    3.0592825588306691E+07    1.4178643255389450E-01
      6.7671685921324564E-03    1.6884117544902177E+00    2.1915847576829139E-06    3.0028331767159820E+07    1.5176584615665506E-01
      6.8655993258837133E-03    1.7295105040590160E+00    2.3443175841741728E-06    2.9455179102083705E+07    1.6234249694192995E-01
      6.9654617676255283E-03    1.7704100278991548E+00    2.5059960984533560E-06    2.8873401494121350E+07    1.7353863089883587E-01
      7.0667767420301572E-03    1.8109924271351272E+00    2.6769262213539948E-06    2.8283056988490865E+07    1.8537543284990593E-01
      7.1695653766716888E-03    1.8511307843473630E+00    2.8573935177055446E-06    2.7684229624653563E+07    1.9787267797737890E-01
      7.2738491064318388E-03    1.8906889392327104E+00    3.0476575342993600E-06    2.7077031388411596E+07    2.1104833973095549E-01
      7.3796496779698975E-03    1.9295213136366254E+00    3.2479454702476337E-06    2.6461604269870356E+07    2.2491815150419364E-01
      7.4869891542575584E-03    1.9674727968755228E+00    3.4584451467670996E-06    2.5838122430355269E+07    2.3949511979651511E-01
      7.5958899191798414E-03    2.0043787036910499E+00    3.6792972503592543E-06    2.5206794480485197E+07    2.5478898705838537E-01
      7.7063746822028725E-03    2.0400648187017749E+00    3.9105868329130481E-06    2.4567865870178737E+07    2.7080564307884791E-01
      7.8184664831095659E-03    2.0743475428255738E+00    4.1523340649336386E-06    2.3921621389440931E+07    2.8754648465251548E-01
      7.9321886968041957E-03    2.1070341588174504E+00    4.4044842544673282E-06    2.3268387776102658E+07    3.0500772439648982E-01
      8.0475650381868526E-03    2.1379232347594872E+00    4.6668971649426846E-06    2.2608536423269123E+07    3.2317965101767560E-01
      8.1646195670987860E-03    2.1668051859994546E+00    4.9393356906930279E-06    2.1942486174711108E+07    3.4204584509993735E-01
      8.2833766933396984E-03    2.1934630175931802E+00    5.2214539800199995E-06    2.1270706190858655E+07    3.6158235663383015E-01
      8.4038611817580013E-03    2.2176732706613582E+00    5.5127851328472843E-06    2.0593718861079551E+07    3.8175685308696877E-01
      8.5260981574151254E-03    2.2392071971041068E+00    5.8127286438261740E-06    1.9912102729453690E+07    4.0252774984710005E-01
      8.6501131108249318E-03    2.2578321876763083E+00    6.1205378125193689E-06    1.9226495391145572E+07    4.2384333838536375E-01
      8.7759319032693454E-03    2.2733134783227671E+00    6.4353074001059433E-06    1.8537596304597408E+07    4.4564093149098682E-01
      8.9035807721912965E-03    2.2854161586526063E+00    6.7559618765647494E-06    1.7846169450814497E+07    4.6784604939623325E-01
      9.0330863366661143E-03    2.2939075042818891E+00    7.0812446728564303E-06    1.7153045755393684E+07    4.9037167549686544E-01
      9.1644756029524918E-03    2.2985596511989135E+00    7.4097089278381927E-06    1.6459125171829525E+07    5.1311761558189628E-01
      9.2977759701242009E-03    2.2991526249158580E+00    7.7397102970726883E-06    1.5765378305640735E+07    5.3596999984819271E-01
      9.4330152357837167E-03    2.2954777296820530E+00    8.0694024671872696E-06    1.5072847439077577E+07    5.5880097227271563E-01
      9.5702216018589466E-03    2.2873412930924912E+00    8.3967360904620436E-06    1.4382646796120482E+07    5.8146861683342266E-01
      9.7094236804843095E-03    2.2745687487216188E+00    8.7194619139966634E-06    1.3695961868176050E+07    6.0381717420207248E-01
      9.8506504999672766E-03    2.2570090236980120E+00    9.0351389187144791E-06    1.3014047603592716E+07    6.2567760536506800E-01
      9.9939315108417866E-03    2.2343427001370353E+00    9.3403209632617621E-06    1.2337140371912856E+07    6.4681126723243054E-01
      1.0139296592009652E-02    2.2066638132484631E+00    9.6329437832423453E-06    1.1667733991709750E+07    6.6707521081180332E-01
      1.0286776056971326E-02    2.1741124022846590E+00    9.9109490544764320E-06    1.1008241912480759E+07    6.8632689846702288E-01
      1.0436400660147272E-02    2.1364946283601260E+00    1.0170569597595679E-05    1.0359132830983464E+07    7.0430545543043266E-01
      1.0588201603291308E-02    2.0938519829820872E+00    1.0408771815542343E-05    9.7219458891226873E+06    7.2080080704133209E-01
      1.0742210541997204E-02    2.0462756482001736E+00    1.0622518675283164E-05    9.0982315018542055E+06    7.3560264069990833E-01
      1.0898459592299951E-02    1.9939112990697094E+00    1.0808834750320630E-05    8.4895428923285641E+06    7.4850491001964181E-01
      1.1056981337373022E-02    1.9369622461355109E+00    1.0964875264835731E-05    7.8974203334679333E+06    7.5931061609013928E-01
      1.1217808834323061E-02    1.8756913253885590E+00    1.1088000416250762E-05    7.3233719608515911E+06    7.6783695426718734E-01
      1.1380975621083403E-02    1.8104214365620921E+00    1.1175853662297061E-05    6.7688522052279860E+06    7.7392073550224305E-01
      1.1546515723407853E-02    1.7415345403889826E+00    1.1226441620827652E-05    6.2352384408157207E+06    7.7742391935348054E-01
      1.1714463661966204E-02    1.6694689294088572E+00    1.1238212511290854E-05    5.7238064486056576E+06    7.7823904600778970E-01
      1.1884854459542953E-02    1.5947146273755695E+00    1.1210129480169436E-05    5.2357053994652480E+06    7.7629431402065374E-01
      1.2057723648340726E-02    1.5178068384755625E+00    1.1141734717269082E-05    4.7719331890817601E+06    7.7155802032821608E-01
      1.2233107277389941E-02    1.4393174564138591E+00    1.1033200050881372E-05    4.3333130753518427E+06    7.6404206393003593E-01
      1.2411041920066238E-02    1.3598447504188120E+00    1.0885359771332395E-05    3.9204726542143272E+06    7.5380421889888649E-01
      1.2591564681717236E-02    1.2800166591579585E+00    1.0699850454299208E-05    3.5338681934177652E+06    7.4095781705620767E-01
      1.2774713207400307E-02    1.2005079925832822E+00    1.0479386005727110E-05    3.1738427549058832E+06    7.2569079465713782E-01
      1.2960525689732752E-02    1.1218700928283352E+00    1.0226383835075842E-05    2.8401975360734854E+06    7.0817055576436683E-01
      1.3149040876856297E-02    1.0446641011185687E+00    9.9440905553170579E-06    2.5326097345616813E+06    6.8862192625472152E-01
      1.3340298080517361E-02    9.6942407509885353E-01    9.6363213506913442E-06    2.2505622360901744E+06    6.6730910520263231E-01
      1.3534337184264889E-02    8.9663124635395886E-01    9.3072345268525629E-06    1.9933186074661377E+06    6.4452005262147505E-01
      1.3731198651767402E-02    8.2670365061970952E-01    8.9612015517985963E-06    1.7599419052530760E+06    6.2055748988094328E-01
      1.3930923535251034E-02    7.5998819309655163E-01    8.6026680532618017E-06    1.5493193585292832E+06    5.9572927386502628E-01
      1.4133553484060292E-02    6.9675562457853224E-01    8.2360143789568676E-06    1.3601919824273444E+06    5.7033874085814096E-01
      1.4339130753343353E-02    6.3719865517474594E-01    7.8654241108129057E-06    1.1911877077743704E+06    5.4467560123959669E-01
      1.4547698212863678E-02    5.8143326916232640E-01    7.4947691263456104E-06    1.0408564936760727E+06    5.1900798005695303E-01
      1.4759299355939797E-02    5.2950299427963787E-01    7.1275175814834314E-06    9.0770561818329571E+05    4.9357604489544221E-01
      1.4973978308515117E-02    4.8138572717664124E-01    6.7666698253406733E-06    7.9023350251451472E+05    4.6858756801689500E-01
      1.5191779838359684E-02    4.3700248379511381E-01    6.4147239020171349E-06    6.8696048906576657E+05    4.4421553738137703E-01
      1.5412749364405745E-02    3.9622742426733382E-01    6.0736707278732226E-06    5.9645544863625756E+05    4.2059782267656765E-01
      1.5636932966219132E-02    3.5889830616892782E-01    5.7450141468273033E-06    5.1735721836840478E+05    3.9783856413430513E-01
      1.5864377393608395E-02    3.2482679104291129E-01    5.4298122664476547E-06    4.4839067406810308E+05    3.7601103502858058E-01
      1.6095130076373705E-02    2.9380793013696604E-01    5.1287322560035455E-06    3.8837732699826185E+05    3.5516143640561187E-01
      1.6329239134197544E-02    2.6562843840811484E-01    4.8421122508226138E-06    3.3624090752601286E+05    3.3531318392109516E-01
      1.6566753386679369E-02    2.4007348528289638E-01    4.5700236692738530E-06    2.9100858600701916E+05    3.1647122325151550E-01
      1.6807722363515975E-02    2.1693194809018093E-01    4.3123291975554106E-06    2.5180870927072968E+05    2.9862604550370597E-01
      1.7052196314830223E-02    1.9600024926195136E-01    4.0687340207661098E-06    2.1786600986221473E+05    2.8175723493386307E-01
      1.7300226221649832E-02    1.7708495650662329E-01    3.8388289339746285E-06    1.8849513698911056E+05    2.6583645436158060E-01
      1.7551863806538660E-02    1.6000435463221474E-01    3.6221248659372287E-06    1.6309322061348724E+05    2.5082983591527558E-01
      1.7807161544382562E-02    1.4458922664276172E-01    3.4180795997442812E-06    1.4113205540595326E+05    2.3669983141991077E-01
      1.8066172673332201E-02    1.3068307915455915E-01    3.2261184119985573E-06    1.2215035000373909E+05    2.2340664164692303E-01
      1.8328951205904956E-02    1.1814198148835359E-01    3.0456498911894257E-06    1.0574631271536533E+05    2.1090931172654381E-01
      1.8595551940248371E-02    1.0683414646707254E-01    2.8760780029441393E-06    9.1570733319372099E+04    1.9916656665875249E-01
      1.8866030471567402E-02    9.6639348522835719E-02    2.7168113061092585E-06    7.9320643044221215E+04    1.8813744952103495E-01
      1.9140443203717876E-02    8.7448242878489874E-02    2.5672698935075810E-06    6.8733576951377501E+04    1.7778180211137237E-01
      1.9418847360968602E-02    7.9161635362419075E-02    2.4268906126551663E-06    5.9582434030379605E+04    1.6806062647956418E-01
      1.9701300999934536E-02    7.1689730364562346E-02    2.2951307750470639E-06    5.1670903497570369E+04    1.5893634179289803E-01
      1.9987863021683556E-02    6.4951380785314247E-02    2.1714706308530904E-06    4.4829420194183273E+04    1.5037295570725356E-01
      2.0278593184019290E-02    5.8873357686379399E-02    2.0554148669935957E-06    3.8911606774856271E+04    1.4233616810789324E-01
      2.0573552113942635E-02    5.3389651384228277E-02    1.9464933336591998E-06    3.3791157568658426E+04    1.3479342142049058E-01
      2.0872801320294510E-02    4.8440811769737233E-02    1.8442611782646468E-06    2.9359119191218531E+04    1.2771390988734926E-01
      2.1176403206582577E-02    4.3973333336273727E-02    1.7482985743359730E-06    2.5521525084759982E+04    1.2106856079301215E-01
      2.1484421083994374E-02    3.9939086033215714E-02    1.6582101403881107E-06    2.2197342463506866E+04    1.1482999422190653E-01
      2.1796919184599865E-02    3.6294792072918178E-02    1.5736241435012958E-06    1.9316693915556225E+04    1.0897246790651818E-01
      2.2113962674746006E-02    3.3001547588182793E-02    1.4941915627871459E-06    1.6819319367143846E+04    1.0347181237301499E-01
      2.2435617668646084E-02    3.0024387045159737E-02    1.4195850639603262E-06    1.4653247528796161E+04    9.8305359930989031E-02
      2.2761951242166768E-02    2.7331887871297998E-02    1.3494979238916580E-06    1.2773649394170505E+04    9.3451870199445439E-02
      2.3093031446815668E-02    2.4895812580968887E-02    1.2836429373120995E-06    1.1141849617401971E+04    8.8891454396750821E-02
      2.3428927323932369E-02    2.2690785501108295E-02    1.2217513261425960E-06    9.7244745085761933E+03    8.4605499812421020E-02
      2.3769708919085863E-02    2.0694001232414418E-02    1.1635716661750820E-06    8.4927180801779396E+03    8.0576595480465571E-02
      2.4115447296681414E-02    1.8884962163949227E-02    1.1088688463795262E-06    7.4217100160794207E+03    7.6788460112064402E-02
      2.4466214554779844E-02    1.7245242352598597E-02    1.0574230654545479E-06    6.4899715001303121E+03    7.3225872607338344E-02
      2.4822083840132431E-02    1.5758275323134657E-02    1.0090288715982810E-06    5.6789467568725995E+03    6.9874605560094089E-02
      2.5183129363434451E-02    1.4409163501477818E-02    9.6349424868206530E-07    4.9725997926781147E+03    6.6721361975935367E-02
      2.5549426414800593E-02    1.3184507168772846E-02    9.2063975030203629E-07    4.3570672595616716E+03    6.3753715305888067E-02
      2.5921051379465480E-02    1.2072251001632742E-02    8.8029768213350417E-07    3.8203596130341425E+03    6.0960052824962668E-02
      2.6298081753712545E-02    1.1061546428599975E-02    8.4231133177283105E-07    3.3521038167175229E+03    5.8329522299195607E-02
      2.6680596161034676E-02    1.0142628198862224E-02    8.0653424487938796E-07    2.9433217857642539E+03    5.5851981858941663E-02
      2.7068674368529735E-02    9.3067037147565677E-03    7.7282954634414225E-07    2.5862395723206646E+03    5.3517952990231751E-02
      2.7462397303534763E-02    8.5458538138065525E-03    7.4106930449935220E-07    2.2741229931382295E+03    5.1318576506699937E-02
      2.7861847070502020E-02    7.8529438170013045E-03    7.1113393629423100E-07    2.0011360024473481E+03    4.9245571358377691E-02
      2.8267106968120535E-02    7.2215437789846541E-03    6.8291165130324497E-07    1.7622186320463334E+03    4.7291196129623264E-02
      2.8678261506686658E-02    6.6458569837207424E-03    6.5629793240515966E-07    1.5529817668211172E+03    4.5448213076476993E-02
      2.9095396425727307E-02    6.1206558273680977E-03    6.3119505101719777E-07    1.3696164077114952E+03    4.3709854556936045E-02
      2.9518598711879541E-02    5.6412243175578526E-03    6.0751161471237186E-07    1.2088154037367258E+03    4.2069791703743309E-02
      2.9947956617030185E-02    5.2033064988499808E-03    5.8516214517122404E-07    1.0677059183284680E+03    4.0522105197814691E-02
      3.0383559676719317E-02    4.8030601870368301E-03    5.6406668462133391E-07    9.4379113890978510E+02    3.9061258014426115E-02
      3.0825498728811435E-02    4.4370154579455850E-03    5.4415042885016811E-07    8.3489994744449280E+02    3.7682070009587530E-02
      3.1273865932438208E-02    4.1020373950421294E-03    5.2534338503317724E-07    7.3914344950381076E+02    3.6379694224856936E-02
      3.1728754787216734E-02    3.7952926521237682E-03    5.0758005271602858E-07    6.5487741370858043E+02    3.5149594795563510E-02
      3.2190260152747362E-02    3.5142194339918588E-03    4.9079912638887911E-07    5.8066980596084602E+02    3.3987526354265836E-02
      3.2658478268395096E-02    3.2565005397242742E-03    4.7494321818718731E-07    5.1527271674951112E+02    3.2889514827960001E-02
      3.3133506773358738E-02    3.0200391505216385E-03    4.5995859934767632E-07    4.5759807764877667E+02    3.1851839534070059E-02
      3.3615444727031950E-02    2.8029370775152838E-03    4.4579495913729675E-07    4.0669664719163171E+02    3.0871016486432454E-02
      3.4104392629660446E-02    2.6034752148223158E-03    4.3240518005916131E-07    3.6173981854893475E+02    2.9943782828450463E-02
      3.4600452443299609E-02    2.4200959698648149E-03    4.1974512822005508E-07    3.2200386354487381E+02    2.9067082316178029E-02
      3.5103727613077257E-02    2.2513874668765388E-03    4.0777345782027343E-07    2.8685628093196306E+02    2.8238051779365763E-02
      3.5614323088765068E-02    2.0960693408987865E-03    3.9645142879825166E-07    2.5574396276194940E+02    2.7454008493467921E-02
      3.6132345346664339E-02    1.9529799586794686E-03    3.8574273672886125E-07    2.2818293218057883E+02    2.6712438400207927E-02
      3.6657902411809849E-02    1.8210649199841462E-03    3.7561335413688603E-07    2.0374943995099437E+02    2.6010985118637864E-02
      3.7191103880496679E-02    1.6993667081480464E-03    3.6603138245291385E-07    1.8207223625314109E+02    2.5347439693178420E-02
      3.7732060943134742E-02    1.5870153722558214E-03    3.5696691386966426E-07    1.6282585946169843E+02    2.4719731027257715E-02
      3.8280886407435689E-02    1.4832201356798093E-03    3.4839190242821664E-07    1.4572480529031054E+02    2.4125916956114869E-02
      3.8837694721937141E-02    1.3872618366497142E-03    3.4028004371379231E-07    1.3051845835205708E+02    2.3564175915809660E-02
      3.9402601999869016E-02    1.2984861162502052E-03    3.3260666257097329E-07    1.1698668425816822E+02    2.3032799167573056E-02
      3.9975726043367042E-02    1.2162972780273937E-03    3.2534860829356104E-07    1.0493599423612866E+02    2.2530183539771827E-02
      4.0557186368038511E-02    1.1401527512259809E-03    3.1848415678253130E-07    9.4196206192519412E+01    2.2054824652409329E-02
      4.1147104227885201E-02    1.0695580966926411E-03    3.1199291920000981E-07    8.4617536444645324E+01    2.1605310591471614E-02
      4.1745602640588991E-02    1.0040625007664539E-03    3.0585575668086279E-07    7.6068065228657161E+01    2.1180316002759464E-02
      4.2352806413165120E-02    9.4325470809624682E-04    3.0005470069249443E-07    6.8431526755950401E+01    2.0778596576855230E-02
      4.2968842167988713E-02    8.8675934936531715E-04    2.9457287866268425E-07    6.1605381205419775E+01    2.0398983898897965E-02
      4.3593838369199694E-02    8.3423362441218524E-04    2.8939444452064077E-07    5.5499131750294261E+01    2.0040380638595749E-02
      4.4227925349491944E-02    7.8536430527823258E-04    2.8450451382095439E-07    5.0032854651487895E+01    1.9701756057600790E-02
      4.4871235337292092E-02    7.3986502733376820E-04    2.7988910314257743E-07    4.5135914711242819E+01    1.9382141812927491E-02
      4.5523902484333460E-02    6.9747383987886404E-04    2.7553507347580203E-07    4.0745842064455815E+01    1.9080628036536759E-02
      4.6186062893631252E-02    6.5795099052387389E-04    2.7143007732960721E-07    3.6807349469894632E+01    1.8796359672553546E-02
      4.6857854647864655E-02    6.2107692026260985E-04    2.6756250930999076E-07    3.3271472018143818E+01    1.8528533054847880E-02
      4.7539417838171651E-02    5.8665044848848764E-04    2.6392145993639021E-07    3.0094813556516627E+01    1.8276392708851459E-02
      4.8230894593362737E-02    5.5448712930201538E-04    2.6049667247937674E-07    2.7238886194220839E+01    1.8039228362595520E-02
      4.8932429109559597E-02    5.2441776233808838E-04    2.5727850261701729E-07    2.4669531037523068E+01    1.7816372152939637E-02
      4.9644167680264778E-02    4.9628704302979521E-04    2.5425788072115765E-07    2.2356409852116983E+01    1.7607196013920884E-02
      5.0366258726868826E-02    4.2531194649306160E-04    2.2741461129023303E-07    1.8346884750961056E+01    1.5748316732837303E-02
      5.1098852829601096E-02    3.8285860057062754E-04    2.1393139927111876E-07    1.5815349146485794E+01    1.4814612903306233E-02
      5.1842102758930877E-02    3.7670511413718372E-04    2.1980624584640124E-07    1.4901415277466779E+01    1.5221442280273124E-02
      5.2596163507424999E-02    3.6912764466925842E-04    2.2491976325991565E-07    1.3982608518377784E+01    1.5575550098544000E-02
      5.3361192322069262E-02    3.6140317459963807E-04    2.2996235374844931E-07    1.3109593198965165E+01    1.5924746272513984E-02
      5.4137348737059374E-02    3.5373016717576403E-04    2.3504499316279407E-07    1.2287257985109864E+01    1.6276715809043680E-02
      5.4924794607069428E-02    3.4617565541580480E-04    2.4020924470669501E-07    1.1515028732031496E+01    1.6634336933473555E-02
      5.5723694141003942E-02    3.3876728322868184E-04    2.4547599507176061E-07    1.0790848354417715E+01    1.6999056035871010E-02
      5.6534213936240973E-02    3.3151709501427117E-04    2.5085797728221664E-07    1.0112200721127509E+01    1.7371754870039530E-02
      5.7356523013373226E-02    3.2442986628726051E-04    2.5636413233401723E-07    9.4764615795692038E+00    1.7753052594244256E-02
      5.8190792851454523E-02    3.1750661177772544E-04    2.6200143751091774E-07    8.8810390036799305E+00    1.8143432380933473E-02
      5.9037197423758986E-02    3.1074626079377387E-04    2.6777577664564103E-07    8.3234340090849415E+00    1.8543301681769136E-02
      5.9895913234060266E-02    3.0414653395449600E-04    2.7369239483363698E-07    7.8012667141095022E+00    1.8953023716264589E-02
      6.0767119353438530E-02    2.9770443493916268E-04    2.7975615370214656E-07    7.3122862500257533E+00    1.9372935149004358E-02
      6.1650997457622772E-02    2.9141654152194601E-04    2.8597168308063195E-07    6.8543725367643997E+00    1.9803356592724704E-02
      6.2547731864876319E-02    2.8527918519805908E-04    2.9234347530240086E-07    6.4255338479417627E+00    2.0244599138640906E-02
      6.3457509574433357E-02    2.7928854712643605E-04    2.9887592577350840E-07    6.0239017839060072E+00    2.0696967165817849E-02
      6.4380520305494612E-02    2.7344053336613512E-04    3.0557314466966671E-07    5.6477215080727330E+00    2.1160745301301152E-02
      6.5316956536790066E-02    2.6773073191312222E-04    3.1243882428936274E-07    5.2953446463228779E+00    2.1636189234405207E-02
      6.6267013546717365E-02    2.6215485464541077E-04    3.1947666935183852E-07    4.9652318874456238E+00    2.2123555514573786E-02
      6.7230889454063789E-02    2.5670882800771802E-04    3.2669050881564705E-07    4.6559473495112975E+00    2.2623109294743659E-02
      6.8208785259320712E-02    2.5138876417821719E-04    3.3408428086939753E-07    4.3661509345920759E+00    2.3135123291963301E-02
      6.9200904886599163E-02    2.4619094198298513E-04    3.4166202509472469E-07    4.0945914684480735E+00    2.3659877244683516E-02
      7.0207455226154472E-02    2.4111179264134952E-04    3.4942787775268539E-07    3.8401004460314523E+00    2.4197657586343402E-02
      7.1228646177530081E-02    2.3614788818759536E-04    3.5738606840058420E-07    3.6015862848951499E+00    2.4748757211087682E-02
      7.2264690693328623E-02    2.3129593180458649E-04    3.6554091738843625E-07    3.3780290272598990E+00    2.5313475300398364E-02
      7.3315804823619629E-02    2.2655274935754331E-04    3.7389683358373909E-07    3.1684754408260889E+00    2.5892117165536629E-02
      7.4382207760993302E-02    2.2191528219976965E-04    3.8245831273593395E-07    2.9720344860771695E+00    2.6484994134282829E-02
      7.5464121886269414E-02    2.1738058053168461E-04    3.9122993555867574E-07    2.7878731102840399E+00    2.7092423418134892E-02
      7.6561772814871323E-02    2.1294579777761974E-04    4.0021636648041101E-07    2.6152123487986891E+00    2.7714728025786672E-02
      7.7675389443874143E-02    2.0860818515203055E-04    4.0942235176425070E-07    2.4533236990987177E+00    2.8352236632930301E-02
      7.8805203999737894E-02    2.0436508696556376E-04    4.1885271808634689E-07    2.3015257540137397E+00    2.9005283483809714E-02
      7.9951452086733946E-02    2.0021393629827798E-04    4.2851237100071970E-07    2.1591810699706464E+00    2.9674208284910880E-02
      8.1114372736076884E-02    1.9615225077281549E-04    4.3840629279151705E-07    2.0256932502087217E+00    3.0359356056232158E-02
      8.2294208455770262E-02    1.9217762903085868E-04    4.4853954104167375E-07    1.9005042337870237E+00    3.1061077032164854E-02
      8.3491205281177844E-02    1.8828774726841989E-04    4.5891724665039965E-07    1.7830917684454315E+00    3.1779726524205541E-02
      8.4705612826330101E-02    1.8448035584372303E-04    4.6954461127227578E-07    1.6729670547240398E+00    3.2515664743615121E-02
      8.5937684335977288E-02    1.8075327641419711E-04    4.8042690532873186E-07    1.5696725534378624E+00    3.3269256663714865E-02
      8.7187676738399250E-02    1.7710439918432408E-04    4.9156946568785912E-07    1.4727799408129092E+00    3.4040871859214970E-02
      8.8455850698983818E-02    1.7353168018196098E-04    5.0297769275489468E-07    1.3818882004219639E+00    3.4830884304732447E-02
      8.9742470674584116E-02    1.7003313869583662E-04    5.1465704731110203E-07    1.2966218436349566E+00    3.5639672155885614E-02
      9.1047804968666851E-02    1.6660685506300410E-04    5.2661304772288859E-07    1.2166292510038603E+00    3.6467617556027253E-02
      9.2372125787262435E-02    1.6325096847455954E-04    5.3885126662563375E-07    1.1415811235342554E+00    3.7315106406601843E-02
      9.3715709295729227E-02    1.5996367488725209E-04    5.5137732732037364E-07    1.0711690370575206E+00    3.8182528117618263E-02
      9.5078835676343218E-02    1.5674322497090257E-04    5.6419689962410013E-07    1.0051040922026759E+00    3.9070275320285647E-02
      9.6461789186725405E-02    1.5358792223175424E-04    5.7731569567682997E-07    9.4311565440299872E-01    3.9978743576655582E-02
      9.7864858219119125E-02    1.5049612130836552E-04    5.9073946576296675E-07    8.8495017767200879E-01    4.0908331090254130E-02
      9.9288335360529487E-02    1.4746622627258776E-04    6.0447399356690284E-07    8.3037010541525080E-01    4.1859438377535259E-02
      1.0073251745373747E-01    1.4449668901126607E-04    6.1852509111790503E-07    7.7915284359067272E-01    4.2832467917817398E-02
      1.0219770565920203E-01    1.4158600769577679E-04    6.3289859347348675E-07    7.3108980137454882E-01    4.3827823785110374E-02
      1.0368420551786159E-01    1.3873272528119713E-04    6.4760035287868028E-07    6.8598549449112367E-01    4.4845911243648708E-02
      1.0519232701484992E-01    1.3593542807343475E-04    6.6263623257788373E-07    6.4365670723199142E-01    4.5887136319366015E-02
      1.0672238464413843E-01    1.3319274444006652E-04    6.7801210067005850E-07    6.0393170957800280E-01    4.6951905374371307E-02
      1.0827469747411866E-01    1.3050334352451357E-04    6.9373382337774292E-07    5.6664952504897614E-01    4.8040624640832474E-02
      1.0984958921413877E-01    1.2786593400779492E-04    7.0980725791974832E-07    5.3165924614891424E-01    4.9153699727415089E-02
      1.1144738828200780E-01    1.2527926292113037E-04    7.2623824500804359E-07    4.9881939426489452E-01    5.0291535099696409E-02
      1.1306842787248186E-01    1.2274211450560125E-04    7.4303260095747621E-07    4.6799732105928038E-01    5.1454533533768596E-02
      1.1471304602674634E-01    1.2025330911606140E-04    7.6019610940187744E-07    4.3906864860177519E-01    5.2643095542584284E-02
      1.1638158570290882E-01    1.1781170217538927E-04    7.7773451267186169E-07    4.1191674570624170E-01    5.3857618778874697E-02
      1.1807439484751776E-01    1.1541618313680434E-04    7.9565350254071625E-07    3.8643223793978493E-01    5.5098497394308429E-02
      1.1979182646812032E-01    1.1306567449223403E-04    8.1395871060584497E-07    3.6251254923743831E-01    5.6366121373412521E-02
      1.2153423870687685E-01    1.1075913085353228E-04    8.3265569851842779E-07    3.4006147312291407E-01    5.7660875856982638E-02
      1.2330199491524532E-01    1.0849553803773508E-04    8.5174994760018685E-07    3.1898877136634846E-01    5.8983140423050757E-02
      1.2509546372975242E-01    1.0627391218181397E-04    8.7124684801609407E-07    2.9920979837845285E-01    6.0333288337102053E-02
      1.2691501914886652E-01    1.0409329888727602E-04    8.9115168751418893E-07    2.8064514966301579E-01    6.1711685772314485E-02
      1.2876104061098900E-01    1.0195277239092433E-04    9.1146963971356497E-07    2.6322033275004120E-01    6.3118690998509308E-02
      1.3063391307357994E-01    9.9851434762023505E-05    9.3220575195199658E-07    2.4686545914829439E-01    6.4554653540607007E-02
      1.3253402709343451E-01    9.7788415123342391E-05    9.5336493268310148E-07    2.3151495594556837E-01    6.6019913305888855E-02
      1.3446177890812736E-01    9.5762868895577541E-05    9.7495193843025348E-07    2.1710729578150276E-01    6.7514799680563620E-02
      1.3641757051864131E-01    9.3773977062703136E-05    9.9697136028673359E-07    2.0358474399758597E-01    6.9039630594911749E-02
      1.3840180977319821E-01    9.1820945458562174E-05    1.0194276099781626E-06    1.9089312185450941E-01    7.0594711558117612E-02
      1.4041491045230881E-01    8.9903004072158189E-05    1.0423249054761835E-06    1.7898158477393444E-01    7.2180334662026280E-02
      1.4245729235506005E-01    8.8019406372591744E-05    1.0656672561891524E-06    1.6780241463789225E-01    7.3796777555608262E-02
      1.4452938138665714E-01    8.6169428651398849E-05    1.0894584477314172E-06    1.5731082523576234E-01    7.5444302390241774E-02
      1.4663160964723915E-01    8.4352369384410478E-05    1.1137020263042224E-06    1.4746478001697005E-01    7.7123154738100400E-02
      1.4876441552198649E-01    8.2567548590732436E-05    1.1384012823916191E-06    1.3822482132032932E-01    7.8833562463105217E-02
      1.5092824377253858E-01    8.0814307229151491E-05    1.1635592343710996E-06    1.2955391041562384E-01    8.0575734585971739E-02
      1.5312354562974240E-01    7.9092006605119020E-05    1.1891786116886964E-06    1.2141727761457141E-01    8.2349860119096230E-02
      1.5535077888774818E-01    7.7400027786140682E-05    1.2152618375880558E-06    1.1378228180515243E-01    8.4156106870555067E-02
      1.5761040799947562E-01    7.5737771030293794E-05    1.2418110114783135E-06    1.0661827881539755E-01    8.5994620223091400E-02
      1.5990290417346781E-01    7.4104655228337171E-05    1.2688278909768124E-06    9.9896498043569981E-02    8.7865521890584788E-02
      1.6222874547215360E-01    7.2500117355692655E-05    1.2963138735962176E-06    9.3589926822242209E-02    8.9768908649895646E-02
      1.6458841691154039E-01    7.0923611936613522E-05    1.3242699781400001E-06    8.7673202027170577E-02    9.1704851052514288E-02
      1.6698241056235552E-01    6.9374610518573268E-05    1.3526968258053886E-06    8.2122508467337693E-02    9.3673392115952450E-02
      1.6941122565265992E-01    6.7852601157097125E-05    1.3815946210291666E-06    7.6915483625610306E-02    9.5674545997326985E-02
      1.7187536867195427E-01    6.6357087909960360E-05    1.4109631320898791E-06    7.2031128345667217E-02    9.7708296650074952E-02
      1.7437535347679819E-01    6.4887590339909990E-05    1.4408016714814172E-06    6.7449723087373598E-02    9.9774596464836968E-02
      1.7691170139796733E-01    6.3443643028667608E-05    1.4711090761532466E-06    6.3152749400835623E-02    1.0187336490110560E-01
      1.7948494134916793E-01    6.2024795096091371E-05    1.5018836875242401E-06    5.9122816282622934E-02    1.0400448710319604E-01
      1.8209560993733337E-01    6.0630609730861233E-05    1.5331233314450460E-06    5.5343591112196333E-02    1.0616781251265286E-01
      1.8474425157452462E-01    5.9260663726923173E-05    1.5648252980218735E-06    5.1799734873632881E-02    1.0836315347106006E-01
      1.8743141859145823E-01    5.7914547028311024E-05    1.5969863213977471E-06    4.8476841395134619E-02    1.1059028381990584E-01
      1.9015767135268619E-01    5.6591862282021699E-05    1.6296025595286446E-06    4.5361380352794460E-02    1.1284893750009301E-01
      1.9292357837345039E-01    5.5292224397237315E-05    1.6626695739511659E-06    4.2440643800356642E-02    1.1513880715086301E-01
      1.9572971643823783E-01    5.4015260112169810E-05    1.6961823096160069E-06    3.9702696004470940E-02    1.1745954271327688E-01
      1.9857667072105856E-01    5.2760607568354910E-05    1.7301350748295800E-06    3.7136326377645038E-02    1.1981075004118516E-01
      2.0146503490747469E-01    5.1527915890011507E-05    1.7645215212711349E-06    3.4731005312925119E-02    1.2219198951742637E-01
      2.0439541131840380E-01    5.0316844772930168E-05    1.7993346242691643E-06    3.2476842741654847E-02    1.2460277468798062E-01
      2.0736841103572293E-01    4.9127064077128802E-05    1.8345666631960501E-06    3.0364549239859394E-02    1.2704257090431142E-01
      2.1038465402969958E-01    4.7958253427850358E-05    1.8702092021695936E-06    2.8385399527056897E-02    1.2951079398695892E-01
      2.1344476928827660E-01    4.6810101823220246E-05    1.9062530710545932E-06    2.6531198206838344E-02    1.3200680890991129E-01
      2.1654939494823705E-01    4.5682307247691896E-05    1.9426883467704780E-06    2.4794247608858830E-02    1.3452992850617029E-01
      2.1969917842827727E-01    4.4574576291154409E-05    1.9795043349305903E-06    2.3167317601299219E-02    1.3707941219628328E-01
      2.2289477656401521E-01    4.3486623778078449E-05    2.0166895520401721E-06    2.1643617253382909E-02    1.3965446475556520E-01
      2.2613685574496334E-01    4.2418172399257121E-05    2.0542317079796657E-06    2.0216768228904260E-02    1.4225423510107821E-01
      2.2942609205349229E-01    4.1368952352100834E-05    2.0921176890514246E-06    1.8880779806418627E-02    1.4487781511762729E-01
      2.3276317140581748E-01    4.0338700988414104E-05    2.1303335415929389E-06    1.7630025424413765E-02    1.4752423852298666E-01
      2.3614878969503536E-01    3.9327162467795610E-05    2.1688644560960386E-06    1.6459220656081998E-02    1.5019247976816452E-01
      2.3958365293624048E-01    3.8334087418055924E-05    2.2076947519212764E-06    1.5363402525809006E-02    1.5288145297888397E-01
      2.4306847741375354E-01    3.7359232603569312E-05    2.2468078626872988E-06    1.4337910084713235E-02    1.5559001094380626E-01
      2.4660398983049048E-01    3.6402360599944634E-05    2.2861863222705029E-06    1.3378366166741000E-02    1.5831694414501596E-01
      2.5019092745950455E-01    3.5463239476493691E-05    2.3258117515145316E-06    1.2480660253025258E-02    1.6106097983766188E-01
      2.5383003829773271E-01    3.4541642486661001E-05    2.3656648456829054E-06    1.1640932376171956E-02    1.6382078118105997E-01
      2.5752208122197773E-01    3.3637347764169218E-05    2.4057253625167329E-06    1.0855557999644216E-02    1.6659494641169734E-01
      2.6126782614715954E-01    3.2750138029520468E-05    2.4459721112078705E-06    1.0121133813820963E-02    1.6938200807963052E-01
      2.6506805418686868E-01    3.1879800303174463E-05    2.4863829420590977E-06    9.4344643910957912E-03    1.7218043233245944E-01
      2.6892355781625438E-01    3.1026125626355961E-05    2.5269347368803439E-06    8.7925496476359902E-03    1.7498861825027184E-01
      2.7283514103728229E-01    3.0188908791055542E-05    2.5676034002339855E-06    8.1925730627858961E-03    1.7780489723938617E-01
      2.7680361954639610E-01    2.9367948078509673E-05    2.6083638514767289E-06    7.6318906094492798E-03    1.8062753248125668E-01
      2.8082982090461706E-01    2.8563045005419510E-05    2.6491900175179332E-06    7.1080203517670994E-03    1.8345471843099209E-01
      2.8491458471011949E-01    2.7774004080229754E-05    2.6900548264723684E-06    6.6186326699037238E-03    1.8628458037781312E-01
      2.8905876277331366E-01    2.7000632567165348E-05    2.7309302019896663E-06    6.1615410730697946E-03    1.8911517405237055E-01
      2.9326321929447768E-01    2.6242740260476754E-05    2.7717870584551355E-06    5.7346935655089347E-03    1.9194448529440472E-01
      2.9752883104397232E-01    2.5500139267008600E-05    2.8125952968581353E-06    5.3361645313238625E-03    1.9477042976663297E-01
      3.0185648754507677E-01    2.4772643799236929E-05    2.8533238015088780E-06    4.9641471070587979E-03    1.9759085272739058E-01
      3.0624709125948441E-01    2.4060069976492503E-05    2.8939404373296627E-06    4.6169460119197085E-03    2.0040352884305004E-01
      3.1070155777549596E-01    2.3362235636674731E-05    2.9344120479235446E-06    4.2929708083491135E-03    2.0320616205427799E-01
      3.1522081599895091E-01    2.2678960159103455E-05    2.9747044544896125E-06    3.9907295669545911E-03    2.0599638550091873E-01
      3.1980580834693517E-01    2.2010064294120179E-05    3.0147824550018604E-06    3.7088229105201194E-03    2.0877176146513146E-01
      3.2445749094430676E-01    2.1355370004327007E-05    3.0546098241798933E-06    3.4459384151085942E-03    2.1152978136936196E-01
      3.2917683382308022E-01    2.0714700316811095E-05    3.0941493141811796E-06    3.2008453465244072E-03    2.1426786582428040E-01
      3.3396482112471049E-01    2.0087879184520568E-05    3.1333626557310073E-06    2.9723897116149967E-03    2.1698336470703025E-01
      3.3882245130531957E-01    1.9474731356661627E-05    3.1722105595937178E-06    2.7594896054691882E-03    2.1967355726311011E-01
      3.4375073734390826E-01    1.8875082259737184E-05    3.2106527185777868E-06    2.5611308369782298E-03    2.2233565224522442E-01
      3.4875070695359611E-01    1.8288757890444564E-05    3.2486478102803714E-06    2.3763628161804582E-03    2.2496678810334153E-01
      3.5382340279593438E-01    1.7715584716295743E-05    3.2861534998773334E-06    2.2042946871208926E-03    2.2756403317790114E-01
      3.5896988269833557E-01    1.7155389586825078E-05    3.3231264433786634E-06    2.0440916919341559E-03    2.3012438592525006E-01
      3.6419121987466652E-01    1.6607999654109215E-05    3.3595222911179500E-06    1.8949717521574111E-03    2.3264477515928619E-01
      3.6948850314904863E-01    1.6073242305977817E-05    3.3952956921439570E-06    1.7562022546818302E-03    2.3512206035557190E-01
      3.7486283718291580E-01    1.5550945104603999E-05    3.4304002981178331E-06    1.6270970292917748E-03    2.3755303192121377E-01
      3.8031534270537176E-01    1.5040935735874682E-05    3.4647887677090867E-06    1.5070135070323210E-03    2.3993441149928074E-01
      3.8584715674690045E-01    1.4543041971675973E-05    3.4984127721208055E-06    1.3953500488135093E-03    2.4226285235142231E-01
      3.9145943287647533E-01    1.4057091636411983E-05    3.5312229998919006E-06    1.2915434332549771E-03    2.4453493969042051E-01
      3.9715334144211678E-01    1.3582912582855375E-05    3.5631691620506748E-06    1.1950664948807430E-03    2.4674719103707166E-01
      4.0293006981494905E-01    1.3120332682372147E-05    3.5941999991046110E-06    1.1054259041630111E-03    2.4889605670422429E-01
      4.0879082263680727E-01    1.2669179815288061E-05    3.6242632864127433E-06    1.0221600797498051E-03    2.5097792016881287E-01
      4.1473682207144513E-01    1.2229281875327310E-05    3.6533058415571433E-06    9.4483722630081968E-04    2.5298909858232826E-01
      4.2076930805939849E-01    1.1800466780062548E-05    3.6812735319021401E-06    8.7305348979651622E-04    2.5492584329428880E-01
      4.2688953857655249E-01    1.1382562489353139E-05    3.7081112830358668E-06    8.0643122356164210E-04    2.5678434043681236E-01
      4.3309878989647338E-01    1.0975397029112492E-05    3.7337630875030785E-06    7.4461735828563981E-04    2.5856071152935789E-01
      4.3939835685655376E-01    1.0578798524250435E-05    3.7581720152999743E-06    6.8728187019272786E-04    2.6025101420548585E-01
      4.4578955312802987E-01    1.0192595238238678E-05    3.7812802257392169E-06    6.3411634138602665E-04    2.6185124303450252E-01
      4.5227371148992612E-01    9.8166156180961449E-06    3.8030289806389702E-06    5.8483260686983333E-04    2.6335733043479292E-01
      4.5885218410698403E-01    9.4506883430126900E-06    3.8233586584803179E-06    5.3916148306341958E-04    2.6476514765421288E-01
      4.6552634281163441E-01    9.0946423835578375E-06    3.8422087726573631E-06    4.9685157342489272E-04    2.6607050603389670E-01
      4.7229757939007011E-01    8.7483070615783073E-06    3.8595179906809047E-06    4.5766814606696424E-04    2.6726915833809972E-01
      4.7916730587248013E-01    8.4115121177546425E-06    3.8752241575797729E-06    4.2139207954288132E-04    2.6835680037472559E-01
      4.8613695482750624E-01    8.0840877815997254E-06    3.8892643220856767E-06    3.8781887251089080E-04    2.6932907280861035E-01
      4.9320797966098012E-01    7.7658648457340234E-06    3.9015747670473429E-06    3.5675771363235338E-04    2.7018156326768233E-01
      5.0038185491900844E-01    7.4566747448825228E-06    3.9120910451712029E-06    3.2803060818047624E-04    2.7090980881798160E-01
      5.0766007659546486E-01    7.1563496392270410E-06    3.9207480210112385E-06    3.0147155799935884E-04    2.7150929887143033E-01
      5.1504416244395479E-01    6.8647224962877853E-06    3.9274799171488999E-06    2.7692579143120206E-04    2.7197547838376235E-01
      5.2253565229431842E-01    6.5816271806380696E-06    3.9322203705074272E-06    2.5424904067532607E-04    2.7230375175425414E-01
      5.3013610837373670E-01    6.3068985419107868E-06    3.9349024950655659E-06    2.3330686338233705E-04    2.7248948716860966E-01
      5.3784711563250787E-01    6.0407280608381588E-06    3.9356922412983551E-06    2.1398660125351507E-04    2.7254417659134272E-01
      5.4567028207456370E-01    5.7849238800897852E-06    3.9359000766360088E-06    1.9623685257353339E-04    2.7255856905586856E-01
      5.5360723909279130E-01    5.5386534791176752E-06    3.9351748477608676E-06    1.7991722371644254E-04    2.7250834741898816E-01
      5.6165964180923367E-01    5.2994471912776610E-06    3.9319116627059568E-06    1.6484840149907362E-04    2.7228237393596944E-01
      5.6982916942023853E-01    5.0670516091009946E-06    3.9259230890408068E-06    1.5093679517367631E-04    2.7186766903059129E-01
      5.7811752554662676E-01    4.8412702151369582E-06    3.9170489147586130E-06    1.3809715940077072E-04    2.7125313812360385E-01
      5.8652643858895481E-01    4.6219390221228300E-06    3.9051438122081899E-06    1.2625112558396586E-04    2.7042871736788693E-01
      5.9505766208794419E-01    4.4089176371541030E-06    3.8900742719315090E-06    1.1532637954720810E-04    2.6938516131865597E-01
      6.0371297509015309E-01    4.2020844331065666E-06    3.8717179041512643E-06    1.0525605104604201E-04    2.6811399456192192E-01
      6.1249418251896770E-01    4.0013333377455510E-06    3.8499636385850762E-06    9.5978212106799770E-05    2.6660752555149692E-01
      6.2140311555099093E-01    3.8065714108852548E-06    3.8247123451123210E-06    8.7435446038677963E-05    2.6485888958977649E-01
      6.3044163199790071E-01    3.6177168537805152E-06    3.7958776675545054E-06    7.9574468538057250E-05    2.6286210656649844E-01
      6.3961161669386923E-01    3.4346972675634779E-06    3.7633869522264775E-06    7.2345790012318204E-05    2.6061214526032173E-01
      6.4891498188861263E-01    3.2574480743179635E-06    3.7271822092563200E-06    6.5703412374963784E-05    2.5810498990961583E-01
      6.5835366764615966E-01    3.0859110630989419E-06    3.6872210758522582E-06    5.9604555672067367E-05    2.5533770691807944E-01
      6.6792964224942020E-01    2.9200330250793634E-06    3.6434777410606124E-06    5.4009410610219658E-05    2.5230850889363854E-01
      6.7764490261063837E-01    2.7597645569561719E-06    3.5959439306321035E-06    4.8880915665736539E-05    2.4901682284980975E-01
      6.8750147468781542E-01    2.6050604462855040E-06    3.5446319133720215E-06    4.4184579895884766E-05    2.4546349839353154E-01
      6.9750141390719134E-01    2.4558839333205513E-06    3.4895833781223701E-06    3.9888379072528475E-05    2.4165142245051360E-01
      7.0764680559186743E-01    2.3122008845869158E-06    3.4308651607307119E-06    3.5962488728659362E-05    2.3758522336055593E-01
      7.1793976539667004E-01    2.1739716659646251E-06    3.3685597224031987E-06    3.2379018546970596E-05    2.3327061150957112E-01
      7.2838243974933170E-01    2.0411510402331394E-06    3.3027654901849055E-06    2.9111901219930961E-05    2.2871440290763054E-01
      7.3897700629809626E-01    1.9136881321238745E-06    3.2335971904951535E-06    2.6136787995349925E-05    2.2392454228607245E-01
      7.4972567436583082E-01    1.7915262684641369E-06    3.1611858542785883E-06    2.3430947843590830E-05    2.1891010345421094E-01
      7.6063068541074230E-01    1.6746028259702174E-06    3.0856786500283017E-06    2.0973172164684284E-05    2.1368127773629356E-01
      7.7169431349379969E-01    1.5628491023190137E-06    3.0072385485898672E-06    1.8743684913515433E-05    2.0824935075939485E-01
      7.8291886575294944E-01    1.4561902225446515E-06    2.9260438250949389E-06    1.6724057935871413E-05    2.0262666796263562E-01
      7.9430668288423212E-01    1.3545451191135486E-06    2.8422874655405688E-06    1.4897131577840930E-05    1.9682659350317949E-01
      8.0586013962989678E-01    1.2578265685684865E-06    2.7561764524822304E-06    1.3246939935717375E-05    1.9086346079093039E-01
      8.1758164527361310E-01    1.1659412741027435E-06    2.6679309114067633E-06    1.1758640289822876E-05    1.8475251337540369E-01
      8.2947364414288960E-01    1.0787900172558635E-06    2.5777831743917374E-06    1.0418446664082588E-05    1.7850984010473453E-01
      8.4153861611879632E-01    9.9626786224938300E-07    2.4859767411739363E-06    9.2135670363744534E-06    1.7215230318033334E-01
      8.5377907715310419E-01    9.1826440185473057E-07    2.3927651238887125E-06    8.1321438585717168E-06    1.6569745815582299E-01
      8.6619757979294609E-01    8.4466405462214854E-07    2.2984106133747483E-06    7.1631977791243453E-06    1.5916346850443089E-01
      8.7879671371310686E-01    7.7534640176213069E-07    2.2031829573244956E-06    6.2965742734008721E-06    1.5256901408175028E-01
      8.9157910625605863E-01    7.1018655466289055E-07    2.1073579435855381E-06    5.5228929582977289E-06    1.4593319302026336E-01
      9.0454742297985113E-01    6.4905555516347163E-07    2.0112159126631027E-06    4.8334994856814906E-06    1.3927541872108939E-01
      9.1770436821396695E-01    5.9182080567875849E-07    1.9150402140083431E-06    4.2204198746732508E-06    1.3261531295293325E-01
      9.3105268562326715E-01    5.3834651004482693E-07    1.8191155693249709E-06    3.6763170458349282E-06    1.2597259251211387E-01
      9.4459515878013867E-01    4.8849413576539493E-07    1.7237263947276705E-06    3.1944495647366164E-06    1.1936695303310507E-01
      9.5833461174495915E-01    4.4212288755998575E-07    1.6291550739382973E-06    2.7686324467327176E-06    1.1281794940847396E-01
      9.7227390965501126E-01    3.9909018432916144E-07    1.5356801771159895E-06    2.3931999116366482E-06    1.0634487244400272E-01
      9.8641595932195902E-01    3.5925214361664833E-07    1.4435746622772858E-06    2.0629700606462563E-06    9.9966624308179222E-02
      1.0007637098380155E+00    3.2246406322525064E-07    1.3531040457635436E-06    1.7732113575277094E-06    9.3701591838233150E-02
      1.0153201531909284E+00    2.8858089830290495E-07    1.2645245575478886E-06    1.5196108596929339E-06    8.7567518796319188E-02
      1.0300883248879082E+00    2.5745774315732895E-07    1.1780813476120836E-06    1.2982441992828430E-06    8.1581381662259519E-02
      1.0450713045886357E+00    2.2895028994609997E-07    1.0940066526070541E-06    1.1055471159240314E-06    7.5759262675955147E-02
      1.0602722167474716E+00    2.0291528513143287E-07    1.0125180354771651E-06    9.3828861348713994E-07    7.0116227932490005E-02
      1.0756942312650144E+00    1.7921098160821226E-07    9.3381672717802194E-07    7.9354567188393635E-07    6.4666212547146940E-02
      1.0913405641491261E+00    1.5769755916721198E-07    8.5808596653787154E-07    6.6867934027643097E-07    5.9421905691868816E-02
      1.1072144781855811E+00    1.3823754003773306E-07    7.8548949513293446E-07    5.6131229618244788E-07    5.4394646366335689E-02
      1.1233192836184660E+00    1.2069619313079737E-07    7.1617021899552225E-07    4.6930778311612236E-07    4.9594330722105742E-02
      1.1396583388404751E+00    1.0494190308189514E-07    6.5024893622809940E-07    3.9074978292499590E-07    4.5029323950700938E-02
      1.1562350510932515E+00    9.0846530052981324E-08    5.8782330471666023E-07    3.2392448634935739E-07    4.0706388798417009E-02
      1.1730528771779078E+00    7.8285749694900238E-08    5.2896703388661775E-07    2.6730296442839932E-07    3.6630629595934446E-02
      1.1901153241758864E+00    6.7139358515067293E-08    4.7372923851242231E-07    2.1952494296488022E-07    3.2805447510046874E-02
      1.2074259501803042E+00    5.7291563586004131E-08    4.2213410669816394E-07    1.7938370341293480E-07    2.9232517551529617E-02
      1.2249883650379345E+00    4.8631243904774027E-08    3.7418083770015929E-07    1.4581201591228745E-07    2.5911784269393501E-02
      1.2428062311019807E+00    4.1052176686982359E-08    3.2984382569479873E-07    1.1786904119349669E-07    2.2841474476691031E-02
      1.2608832639958005E+00    3.4453244039838920E-08    2.8907323108162931E-07    9.4728204786716510E-08    2.0018136812890365E-02
      1.2792232333877376E+00    2.8738599529802295E-08    2.5179580906308681E-07    7.5665936648403844E-08    1.7436699122493102E-02
      1.2978299637772237E+00    2.3817800668148103E-08    2.1791604914661788E-07    6.0051255747633139E-08    1.5090547364829180E-02
      1.3167073352923175E+00    1.9605917313288166E-08    1.8731772737205207E-07    4.7336182334282651E-08    1.2971633104812020E-02
      1.3358592844988388E+00    1.6023589398138933E-08    1.5986563878240147E-07    3.7046867784574784E-08    1.1070593485436014E-02
      1.3552898052212747E+00    1.2997054211443213E-08    1.3540767150413086E-07    2.8775457910496065E-08    9.3768948565119085E-03
      1.3750029493756295E+00    1.0458141707779148E-08    1.1377720261643259E-07    2.2172642793602454E-08    7.8789986870854128E-03
      1.3950028278143809E+00    8.3442169395558015E-09    9.4795566866656687E-08    1.6940809164096055E-08    6.5645325224056202E-03
      1.4152936111837331E+00    6.5980962942389392E-09    7.8274818993867570E-08    1.2827819437852161E-08    5.4204812730688319E-03
      1.4358795307933379E+00    5.1679238307695464E-09    6.4020596868635125E-08    9.6213478874603198E-09    4.4333854856223069E-03
      1.4567648794986612E+00    4.0070042970453254E-09    5.1834959200614067E-08    7.1437335469118498E-09    3.5895378520035678E-03
      1.4779540125961907E+00    3.0736116447464661E-09    4.1519332108274107E-08    5.2473502990283090E-09    2.8751872576141908E-03
      1.4994513487316594E+00    2.3307594128659550E-09    3.2877305653654543E-08    3.8104313065445538E-09    2.2767324395672685E-03
      1.5212613708214826E+00    1.7459430123122492E-09    2.5717286744672582E-08    2.7333319593062806E-09    1.7809056984796133E-03
      1.5433886269875974E+00    1.2908610701413995E-09    1.9854991272511339E-08    1.9352070786897556E-09    1.3749454773957965E-03
      1.5658377315058969E+00    9.4111240226217438E-10    1.5115603655395343E-08    1.3510613256364358E-09    1.0467459088167336E-03
      1.5886133657684622E+00    6.7588007216837968E-10    1.1335638887647883E-08    9.2915642157810003E-10    7.8498576040884893E-04
      1.6117202792597913E+00    4.7760580231913213E-10    8.3644372673011683E-09    6.2874480615718271E-10    5.7923194393738706E-04
      1.6351632905472240E+00    3.3165860289509672E-10    6.0652319810929230E-09    4.1810148344197629E-10    4.2001344484626741E-04
      1.6589472882857768E+00    2.2600608538137122E-10    4.3158202290665015E-09    2.7283256109162085E-10    2.9886779720844062E-04
      1.6830772322375900E+00    1.5089221396039307E-10    3.0088111574351154E-09    1.7443294886729997E-10    2.0835825291854514E-04
      1.7075581543062059E+00    9.8526541178580676E-11    2.0514634466076857E-09    1.0906880484713384E-10    1.4206253476732266E-04
      1.7323951595858889E+00    6.2790933580006288E-11    1.3651714167594706E-09    6.6562539495458581E-11    9.4537249580267944E-05
      1.7575934274262104E+00    3.8966477427516290E-11    8.8462250050288359E-10    3.9555758358059821E-11    6.1259543737646627E-05
      1.7831582125121148E+00    2.3484321010053833E-11    5.5669572540604955E-10    2.2828753636147907E-11    3.8550823791714811E-05
      1.8090948459596996E+00    1.3703097811480278E-11    3.3917795854818772E-10    1.2755825694949869E-11    2.3487857221263019E-05
      1.8354087364279308E+00    7.7134850570545085E-12    1.9935347180137142E-10    6.8758451302780986E-12    1.3805100727288146E-05
      1.8621053712465321E+00    4.1709516444522647E-12    1.1255561887125989E-10    3.5603789431495624E-12    7.7944047921482349E-06
      1.8891903175602747E+00    2.1557222256325004E-12    6.0740355465869006E-11    1.7621362830116119E-12    4.2062308613972192E-06
      1.9166692234899156E+00    1.0585273551668882E-12    3.1140931719154252E-11    8.2857992193166858E-13    2.1564896524745118E-06
      1.9445478193100199E+00    4.9025990774581974E-13    1.5058880212590801E-11    3.6748898305670337E-13    1.0428178465941931E-06
      1.9728319186439149E+00    2.1257872946263512E-13    6.8173607017167095E-12    1.5258905277389113E-13    4.7209787886326403E-07
      2.0015274196760284E+00    8.5578415632901503E-14    2.8653264735642494E-12    5.8823848866180037E-14    1.9842203010907220E-07
      2.0306403063818537E+00    3.1054746963546228E-14    1.0854011086514526E-12    2.0441031877171807E-14    7.5163334247688015E-08
      2.0601766497758134E+00    9.6962658035259046E-15    3.5380704881535372E-13    6.1117412316667345E-15    2.4500912388358572E-08
      2.0901426091772684E+00    3.1103688558030508E-15    1.1861232189091791E-13    1.8774049810127822E-15    8.2138276118569306E-09
      2.1205444334949402E+00    1.2662093102539791E-15    5.0407432310247551E-14    7.3187548274958080E-16    3.4906825256611317E-09
      2.1513884625300257E+00    3.5875045028996893E-16    1.4892625350742705E-14    1.9856823543910524E-16    1.0313048034880205E-09
      2.1826811282982490E+00    9.1854739165807167E-17    3.9922623551588579E-15    4.8686047132734273E-17    2.7646162088233818E-10
      2.2144289563711590E+00    4.1249546940730417E-17    1.8679742132665731E-15    2.0936677098951656E-17    1.2935602243143112E-10
      2.2466385672369280E+00    6.4316532277681790E-18    3.0402466490210473E-16    3.1260564643746963E-18    2.1053514065385380E-11
      2.2793166776809475E+00    2.7379623777946461E-18    1.3549391274170870E-16    1.2743458205931845E-18    9.3828670071890443E-12
      2.3124701021865004E+00    5.9653190488372348E-19    3.0662794956580946E-17    2.7422388668820883E-19    2.1233789867354137E-12
      2.3461057543558130E+00    1.0433799245139490E-19    5.6479648179211637E-18    4.4532138341683700E-20    3.9111796002864963E-13
      2.3802306483517692E+00    4.0739615039639984E-20    2.2825216235852030E-18    1.7779433626416091E-20    1.5806316609927350E-13
      2.4148519003606048E+00    3.2019946115965754E-21    1.8909140366469763E-19    1.2532073131374251E-21    1.3094459056406038E-14
      2.4499767300758655E+00    1.7165648967212919E-21    1.0495781686017589E-19    6.5090622341690881E-22    7.2682618505619742E-15
      2.4856124622039575E+00    9.2108603136519759E-23    5.9253541665004351E-21    3.3057786497397908E-23    4.1032699543300492E-16
      2.5217665279915962E+00    4.8726611558585193E-23    3.2510225095728900E-21    1.6746552345503416E-23    2.2513123451420165E-16
      2.5584464667754703E+00    2.2895646637008615E-24    1.6044039766860752E-22    7.5352512661742415E-25    1.1110395171588158E-17
      2.5956599275544434E+00    1.0111768484678829E-24    7.3551427175924026E-23    3.1868202473579108E-25    5.0933894033765437E-18
      2.6334146705846306E+00    4.2109458025694154E-26    3.2159100078597987E-24    1.2708541962425137E-26    2.2269971617365695E-19
      2.6717185689976737E+00    1.4863286696542983E-26    1.1777261767725002E-24    4.5739615321550475E-27    8.1556786308230627E-20
      2.7105796104425455E+00    5.3819893682278918E-28    4.4809837412028967E-26    1.4894645165423819E-28    3.1030526504339970E-21
      2.7500058987512550E+00    1.4755513958457447E-28    1.2730125905239823E-26    4.7019569741486227E-29    8.8155309664231773E-22
      2.7900056556287565E+00    4.7546836840951095E-30    4.3154738884437134E-28    1.2066469135356473E-30    2.9884381334129080E-23
      2.8305872223674622E+00    9.1514486657787336E-31    8.5959651467280872E-29    3.0853126970406203E-31    5.9526510186427122E-24
      2.8717590615866722E+00    2.8196347181585934E-32    2.7887350470727645E-30    6.5617952748843912E-33    1.9311812269272613E-25
      2.9135297589973188E+00    3.0836791696917734E-33    3.1556890573876464E-31    1.0468542390012745E-33    2.1852945377667481E-26
