      1.5739455852146610E-03    3.6161649391064136E-03    5.9061597265879267E-11    5.1115535774821825E+06    4.0899779271583290E-06
      1.5968391509250449E-03    3.7743289803274542E-03    6.4374083952523231E-11    5.1089313045637496E+06    4.4578642406436036E-06
      1.6200657112166008E-03    3.9393566395040675E-03    7.0163454505978119E-11    5.1062401605071370E+06    4.8587744576358261E-06
      1.6436301096070438E-03    4.1115414097497175E-03    7.6472393580715054E-11    5.1034778079047585E+06    5.2956644632227175E-06
      1.6675372600646770E-03    4.2911889712440102E-03    8.3347390347061922E-11    5.1006418186583808E+06    5.7717536027876597E-06
      1.6917921480331182E-03    4.4786176660648195E-03    9.0839075509350649E-11    5.0977296703490829E+06    6.2905480203013568E-06
      1.7163998314709326E-03    4.6741589887368904E-03    9.9002587863845814E-11    5.0947387424772568E+06    6.8558660422245232E-06
      1.7413654419063864E-03    4.8781580927414834E-03    1.0789797298859826E-10    5.0916663125559036E+06    7.4718657865258573E-06
      1.7666941855075436E-03    5.0909743132272348E-03    1.1759061682832711E-10    5.0885095520618772E+06    8.1430751881584877E-06
      1.7923913441679267E-03    5.3129817061079512E-03    1.2815171718952708E-10    5.0852655222311709E+06    8.8744246497953115E-06
      1.8184622766079673E-03    5.5445696037236545E-03    1.3965879640669848E-10    5.0819311697014393E+06    9.6712825436383350E-06
      1.8449124194924822E-03    5.7861431871858880E-03    1.5219625864981396E-10    5.0785033219927121E+06    1.0539493804605149E-05
      1.8717472885643974E-03    6.0381240754879923E-03    1.6585599587489850E-10    5.0749786828226056E+06    1.1485421892019990E-05
      1.8989724797949684E-03    6.3009509314166049E-03    1.8073804627856973E-10    5.0713538272537664E+06    1.2515994387170522E-05
      1.9265936705507262E-03    6.5750800842295266E-03    1.9695131005207432E-10    5.0676251966647096E+06    1.3638752558818190E-05
      1.9546166207773997E-03    6.8609861690182286E-03    2.1461432704709012E-10    5.0637890935440725E+06    1.4861905216058836E-05
      1.9830471742010576E-03    7.1591627825822674E-03    2.3385612174310260E-10    5.0598416761001572E+06    1.6194387221774391E-05
      2.0118912595467218E-03    7.4701231555823261E-03    2.5481712118330078E-10    5.0557789526856001E+06    1.7645923059108005E-05
      2.0411548917747052E-03    7.7944008406168677E-03    2.7765015189531792E-10    5.0515967760231532E+06    1.9227095867589248E-05
      2.0708441733349298E-03    8.1325504158146697E-03    3.0252152276278387E-10    5.0472908372463025E+06    2.0949422431298209E-05
      2.1009652954395055E-03    8.4851482033616310E-03    3.2961220055206576E-10    5.0428566597281927E+06    2.2825434583342260E-05
      2.1315245393537866E-03    8.8527930023197064E-03    3.5911908630633672E-10    5.0382895927166995E+06    2.4868767595330928E-05
      2.1625282777062381E-03    9.2361068349034407E-03    3.9125640068733517E-10    5.0335848047563471E+06    2.7094256111408816E-05
      2.1939829758173416E-03    9.6357357052633211E-03    4.2625718739552509E-10    5.0287372769021466E+06    2.9518038259142481E-05
      2.2258951930478298E-03    1.0052350369638202E-02    4.6437494437696469E-10    5.0237417957183458E+06    3.2157668609555291E-05
      2.2582715841665347E-03    1.0486647116568252E-02    5.0588539338061379E-10    5.0185929460648876E+06    3.5032240717841947E-05
      2.2911189007381290E-03    1.0939348555635289E-02    5.5108839904941946E-10    5.0132851036603320E+06    3.8162520019201709E-05
      2.3244439925310563E-03    1.1411204413002389E-02    6.0031004985291765E-10    5.0078124274311326E+06    4.1571087932093321E-05
      2.3582538089459352E-03    1.1902992331750056E-02    6.5390491383101601E-10    5.0021688516354747E+06    4.5282498067052727E-05
      2.3925554004647445E-03    1.2415518674770955E-02    7.1225848341080277E-10    4.9963480777722150E+06    4.9323445528697243E-05
      2.4273559201210856E-03    1.2949619327648054E-02    7.7578982418925775E-10    4.9903435662635416E+06    5.3722950342238225E-05
      2.4626626249918274E-03    1.3506160498665438E-02    8.4495444411853516E-10    4.9841485279211234E+06    5.8512556142731271E-05
      2.4984828777104549E-03    1.4086039512739497E-02    9.2024740053887105E-10    4.9777559151997901E+06    6.3726545335122674E-05
      2.5348241480024213E-03    1.4690185595636228E-02    1.0022066635309272E-09    4.9711584132291675E+06    6.9402172004253245E-05
      2.5716940142428402E-03    1.5319560644503780E-02    1.0914167558990269E-09    4.9643484306448139E+06    7.5579913981375029E-05
      2.6091001650368219E-03    1.5975159980229112E-02    1.1885126909572803E-09    4.9573180902118487E+06    8.2303745533327931E-05
      2.6470504008228308E-03    1.6658013076669222E-02    1.2941842310719562E-09    4.9500592192509156E+06    8.9621432263881971E-05
      2.6855526354993054E-03    1.7369184261301435E-02    1.4091804915873844E-09    4.9425633398840483E+06    9.7584849932668387E-05
      2.7246148980749922E-03    1.8109773381197496E-02    1.5343149157900515E-09    4.9348216590940775E+06    1.0625032896826919E-04
      2.7642453343432599E-03    1.8880916427697354E-02    1.6704706491400539E-09    4.9268250586289689E+06    1.1567902663031632E-04
      2.8044522085807697E-03    1.9683786112395196E-02    1.8186063418758690E-09    4.9185640847484469E+06    1.2593732883616970E-04
      2.8452439052708551E-03    2.0519592386424645E-02    1.9797624116812094E-09    4.9100289378449153E+06    1.3709728384660107E-04
      2.8866289308519676E-03    2.1389582894150046E-02    2.1550677993580923E-09    4.9012094619432986E+06    1.4923707009184374E-04
      2.9286159154915553E-03    2.2295043351657811E-02    2.3457472530050542E-09    4.8920951341179162E+06    1.6244150059628641E-04
      2.9712136148857429E-03    2.3237297839405133E-02    2.5531291775750215E-09    4.8826750538348574E+06    1.7680256655534725E-04
      3.0144309120851863E-03    2.4172481913304948E-02    2.7734274427499274E-09    4.8638376175110601E+06    1.9205808086019264E-04
      3.0582768193474900E-03    2.5087067283159757E-02    3.0057893498835363E-09    4.8338519320658129E+06    2.0814899467362430E-04
      3.1027604800165642E-03    2.6024969648065721E-02    3.2562158616020163E-09    4.8019684859148376E+06    2.2549087082866619E-04
      3.1478911704293172E-03    2.6996756894890825E-02    3.5273524402089714E-09    4.7700869432893693E+06    2.4426690590193922E-04
      3.1936783018500850E-03    2.8003505076360496E-02    3.8208848563390221E-09    4.7381926849721819E+06    2.6459383843430628E-04
      3.2401314224331963E-03    2.9046311103349744E-02    4.1386322053623514E-09    4.7062710311365584E+06    2.8659763961950166E-04
      3.2872602192140820E-03    3.0126291888199166E-02    4.4825569232563084E-09    4.6743072355206627E+06    3.1041420689684960E-04
      3.3350745201293479E-03    3.1244583333458885E-02    4.8547754842533753E-09    4.6422864800742576E+06    3.3619010475655970E-04
      3.3835842960662278E-03    3.2402339152203821E-02    5.2575698172618069E-09    4.6101938700997028E+06    3.6408335531957294E-04
      3.4327996629418562E-03    3.3600729505283915E-02    5.6933994782846387E-09    4.5780144299373077E+06    3.9426428126981090E-04
      3.4827308838127637E-03    3.4840939439735256E-02    6.1649146168591397E-09    4.5457330992168449E+06    4.2691640377183514E-04
      3.5333883710150786E-03    3.6124167111686201E-02    6.6749697742958949E-09    4.5133347297221525E+06    4.6223739799009975E-04
      3.5847826883358444E-03    3.7451621776065570E-02    7.2266385512326974E-09    4.4808040829155091E+06    5.0044010880769994E-04
      3.6369245532159255E-03    3.8824521524252531E-02    7.8232291816604482E-09    4.4481258281603297E+06    5.4175362931772897E-04
      3.6898248389849544E-03    4.0244090749789192E-02    8.4683010489484972E-09    4.4152845416963063E+06    5.8642444454749462E-04
      3.7434945771287849E-03    4.1711557321098006E-02    9.1656821780265480E-09    4.3822647064187415E+06    6.3471764278095620E-04
      3.7979449595899272E-03    4.3228149439142181E-02    9.9194877353793214E-09    4.3490507125328239E+06    6.8691819667155080E-04
      3.8531873411014423E-03    4.4795092165977303E-02    1.0734139567560829E-08    4.3156268600381073E+06    7.4333231627184062E-04
      3.9092332415547890E-03    4.6413603589523324E-02    1.1614386800695904E-08    4.2819773619063729E+06    8.0428887553585032E-04
      3.9660943484021056E-03    4.8084890589774464E-02    1.2565327518263966E-08    4.2480863472749814E+06    8.7014091349176242E-04
      4.0237825190934332E-03    4.9810144193531129E-02    1.3592431533045027E-08    4.2139378662000103E+06    9.4126721118464797E-04
      4.0823097835494000E-03    5.1590534487868905E-02    1.4701564258986092E-08    4.1795158957915339E+06    1.0180739447879839E-03
      4.1416883466698562E-03    5.3427205061727490E-02    1.5899011679032948E-08    4.1448043476519603E+06    1.1009964146100743E-03
      4.2019305908790076E-03    5.5321266945404242E-02    1.7191506394930072E-08    4.1097870766964173E+06    1.1905008490260729E-03
      4.2630490787075696E-03    5.7273792016729067E-02    1.8586254732078278E-08    4.0744478914408237E+06    1.2870862814720813E-03
      4.3250565554124728E-03    5.9285805841699894E-02    2.0090964857744585E-08    4.0387705658457899E+06    1.3912864976132425E-03
      4.3879659516346762E-03    6.1358279916572965E-02    2.1713875853631471E-08    4.0027388528117794E+06    1.5036720486006111E-03
      4.4517903860956526E-03    6.3492123277512566E-02    2.3463787663523311E-08    3.9663364994163988E+06    1.6248523249265624E-03
      4.5165431683330615E-03    6.5688173443523207E-02    2.5350091813978821E-08    3.9295472639999706E+06    1.7554776838131433E-03
      4.5822378014762502E-03    6.7947186657581926E-02    2.7382802779096333E-08    3.8923549351872383E+06    1.8962416212020550E-03
      4.6488879850621039E-03    7.0269827391318346E-02    2.9572589830475284E-08    3.8547433529751208E+06    2.0478829773441644E-03
      4.7165076178918618E-03    7.2656657077584688E-02    3.1930809178606444E-08    3.8166964319552830E+06    2.2111881625702708E-03
      4.7851108009294811E-03    7.5108122036832370E-02    3.4469536173394203E-08    3.7781981868220759E+06    2.3869933871567307E-03
      4.8547118402421626E-03    7.7624540562868050E-02    3.7201597286834676E-08    3.7392327602539621E+06    2.5761868761055057E-03
      4.9253252499836470E-03    8.0206089134693306E-02    4.0140601551562819E-08    3.6997844532731278E+06    2.7797110462434963E-03
      4.9969657554209020E-03    8.2852787723465521E-02    4.3300971073224191E-08    3.6598377582310820E+06    2.9985646191848158E-03
      5.0696482960048347E-03    8.5564484164758828E-02    4.6697970172589980E-08    3.6193773945206003E+06    3.2338046394036622E-03
      5.1433880284856718E-03    8.8340837568638128E-02    5.0347732643166684E-08    3.5783883471150901E+06    3.4865483618063981E-03
      5.2182003300736447E-03    9.1181300744385768E-02    5.4267286534262091E-08    3.5368559080832629E+06    3.7579749679430567E-03
      5.2941008016456625E-03    9.4085101620587724E-02    5.8474575783695926E-08    3.4947657212149929E+06    4.0493270640587515E-03
      5.3711052709986117E-03    9.7051223644974843E-02    6.2988477930366674E-08    3.4521038298504837E+06    4.3619119076776288E-03
      5.4492297961499844E-03    1.0007838515526021E-01    6.7828817033737868E-08    3.4088567280478682E+06    4.6971023022690465E-03
      5.5284906686865155E-03    1.0316501771951203E-01    7.3016370815242228E-08    3.3650114152349727E+06    5.0563370917852618E-03
      5.6089044171615358E-03    1.0630924345283624E-01    7.8572870913506905E-08    3.3205554544879873E+06    5.4411211783356042E-03
      5.6904878105417060E-03    1.0950885132681654E-01    8.4520995012662906E-08    3.2754770345764467E+06    5.8530249770769403E-03
      5.7732578617039308E-03    1.1276127249844609E-01    9.0884349458299660E-08    3.2297650358887119E+06    6.2936832123796074E-03
      5.8572318309831062E-03    1.1606355470052734E-01    9.7687440823593667E-08    3.1834091004170505E+06    6.7647929487999678E-03
      5.9424272297714797E-03    1.1941233575007811E-01    1.0495563472345665E-07    3.1363997059629215E+06    7.2681107389864514E-03
      6.0288618241703673E-03    1.2280381624947996E-01    1.1271510000227888E-07    3.0887282447369425E+06    7.8054487587163835E-03
      6.1165536386949756E-03    1.2623373157552603E-01    1.2099273623890652E-07    3.0403871065363912E+06    8.3786697866619284E-03
      6.2055209600331233E-03    1.2969732327574846E-01    1.2981608232536948E-07    2.9913697667076243E+06    8.9896808735253110E-03
      6.2957823408586293E-03    1.3318931001709461E-01    1.3921320368183057E-07    2.9416708790792506E+06    9.6404255317460233E-03
      6.3873566037001648E-03    1.3670385826459938E-01    1.4921255547762992E-07    2.8912863741099881E+06    1.0332874263645410E-02
      6.4802628448663866E-03    1.4023455290350459E-01    1.5984281903707282E-07    2.8402135625152453E+06    1.1069013232631856E-02
      6.5745204384281587E-03    1.4377436805809229E-01    1.7113270842435496E-07    2.7884512446402544E+06    1.1850830869330265E-02
      6.6701490402586907E-03    1.4731563840699091E-01    1.8311074403289879E-07    2.7359998258799342E+06    1.2680302192788069E-02
      6.7671685921324564E-03    1.5085003134670552E-01    1.9580498985669636E-07    2.6828614384605419E+06    1.3559370616683343E-02
      6.8655993258837133E-03    1.5436852041471882E-01    2.0924275100764740E-07    2.6290400699318424E+06    1.4489927002593460E-02
      6.9654617676255283E-03    1.5786136044977736E-01    2.2345022797284218E-07    2.5745416987292077E+06    1.5473785717532532E-02
      7.0667767420301572E-03    1.6131806504253657E-01    2.3845212409840511E-07    2.5193744371912433E+06    1.6512657452458022E-02
      7.1695653766716888E-03    1.6472738691039027E-01    2.5427120285184312E-07    2.4635486823823662E+06    1.7608118562970836E-02
      7.2738491064318388E-03    1.6807730192614806E-01    2.7092779158947615E-07    2.4070772751126289E+06    1.8761576705526525E-02
      7.3796496779698975E-03    1.7135499763135018E-01    2.8843922885063396E-07    2.3499756675086250E+06    1.9974232562911028E-02
      7.4869891542575584E-03    1.7454686717650561E-01    3.0681925265241768E-07    2.2922620994321285E+06    2.1247037484043246E-02
      7.5958899191798414E-03    1.7763850975181206E-01    3.2607732790246645E-07    2.2339577839696300E+06    2.2580646907738214E-02
      7.7063746822028725E-03    1.8061473870167327E-01    3.4621791192046465E-07    2.1750871020970456E+06    2.3975369500540144E-02
      7.8184664831095659E-03    1.8345959865284350E-01    3.6723965820546417E-07    2.1156778064557225E+06    2.5431112018117492E-02
      7.9321886968041957E-03    1.8615639312796853E-01    3.8913456005520375E-07    2.0557612339484766E+06    2.6947320001447249E-02
      8.0475650381868526E-03    1.8868772425895497E-01    4.1188703748456369E-07    1.9953725265595198E+06    2.8522914546500480E-02
      8.1646195670987860E-03    1.9103554635380729E-01    4.3547297315599478E-07    1.9345508594088573E+06    3.0156225543039667E-02
      8.2833766933396984E-03    1.9318123520021763E-01    4.5985870578067607E-07    1.8733396745570777E+06    3.1844921968291119E-02
      8.4038611817580013E-03    1.9510567509936322E-01    4.8499999271814184E-07    1.8117869184576448E+06    3.3585940047631040E-02
      8.5260981574151254E-03    1.9678936570420141E-01    5.1084095733881060E-07    1.7499452802017420E+06    3.5375410360112283E-02
      8.6501131108249318E-03    1.9821255077421385E-01    5.3731304114085142E-07    1.6878724268032159E+06    3.7208585273225951E-02
      8.7759319032693454E-03    1.9935537093594949E-01    5.6433398563324308E-07    1.6256312307137102E+06    3.9079768438952799E-02
      8.9035807721912965E-03    2.0019804243329312E-01    5.9180687457068140E-07    1.5632899835154060E+06    4.0982248469141704E-02
      9.0330863366661143E-03    2.0072106364497097E-01    6.1961927319040803E-07    1.5009225883548863E+06    4.2908239328209224E-02
      9.1644756029524918E-03    2.0090545081225086E-01    6.4764250751904314E-07    1.4386087221608041E+06    4.4848830425597605E-02
      9.2977759701242009E-03    2.0073300392333193E-01    6.7573113336464854E-07    1.3764339570083069E+06    4.6793949843813951E-02
      9.4330152357837167E-03    2.0018660301818719E-01    7.0372265099625658E-07    1.3144898282494829E+06    4.8732344580169638E-02
      9.5702216018589466E-03    1.9925053427718861E-01    7.3143752732437070E-07    1.2528738352695184E+06    5.0651582082765857E-02
      9.7094236804843095E-03    1.9791084411388218E-01    7.5867959210505328E-07    1.1916893590513454E+06    5.2538077687373862E-02
      9.8506504999672766E-03    1.9615571808516372E-01    7.8523687762914840E-07    1.1310454792487440E+06    5.4377152765377898E-02
      9.9939315108417866E-03    1.9395543108666519E-01    8.1079686685296588E-07    1.0709437630423747E+06    5.6147165710899991E-02
      1.0139296592009652E-02    1.9132275220130765E-01    8.3519445903759532E-07    1.0116189724253642E+06    5.7836683403111010E-02
      1.0286776056971326E-02    1.8827476251411837E-01    8.5826908646648750E-07    9.5329667849385715E+05    5.9434586630088118E-02
      1.0436400660147272E-02    1.8479314738893238E-01    8.7968548095845502E-07    8.9599886404900113E+05    6.0917658284197720E-02
      1.0588201603291308E-02    1.8088321859987885E-01    8.9918666549990849E-07    8.3985729543970153E+05    6.2268102871209659E-02
      1.0742210541997204E-02    1.7655462072582817E-01    9.1651696070479297E-07    7.8500411882364482E+05    6.3468214756772640E-02
      1.0898459592299951E-02    1.7182173079248236E-01    9.3142773188133418E-07    7.3157113562548079E+05    6.4500776147119479E-02
      1.1056981337373022E-02    1.6670390367109122E-01    9.4368341961805522E-07    6.7968841475728853E+05    6.5349474703301130E-02
      1.1217808834323061E-02    1.6122560300074523E-01    9.5306797049069878E-07    6.2948260430988262E+05    6.5999348863537921E-02
      1.1380975621083403E-02    1.5541641022116118E-01    9.5939154558913451E-07    5.8107504131845641E+05    6.6437252404427632E-02
      1.1546515723407853E-02    1.4931089615329776E-01    9.6249729253657210E-07    5.3457971561088762E+05    6.6652323398955202E-02
      1.1714463661966204E-02    1.4294834014583432E-01    9.6226790539405669E-07    4.9010114338211471E+05    6.6636438485693561E-02
      1.1884854459542953E-02    1.3637228570477328E-01    9.5863164887709144E-07    4.4773221512173483E+05    6.6384630041961115E-02
      1.2057723648340726E-02    1.2962992769822163E-01    9.5156749012436968E-07    4.0755209332348278E+05    6.5895441555532119E-02
      1.2233107277389941E-02    1.2277133435907148E-01    9.4110896851339578E-07    3.6962424521833903E+05    6.5171195606899393E-02
      1.2411041920066238E-02    1.1584851693535365E-01    9.2734644704283597E-07    3.3399470236323681E+05    6.4218149776065561E-02
      1.2591564681717236E-02    1.0891572748090075E-01    9.1043891993995483E-07    3.0069438733782189E+05    6.3047314311824490E-02
      1.2774713207400307E-02    1.0203099771024907E-01    8.9063779567635537E-07    2.6974442890768492E+05    6.1676099090426685E-02
      1.2960525689732752E-02    9.5240967652530109E-02    8.6816367700098940E-07    2.4111807899077653E+05    6.0119780711484258E-02
      1.3149040876856297E-02    8.8592865093103754E-02    8.4330669060717700E-07    2.1477827399951854E+05    5.8398450263397968E-02
      1.3340298080517361E-02    8.2131261502616348E-02    8.1640280912396333E-07    1.9067147215359181E+05    5.6535373636366126E-02
      1.3534337184264889E-02    7.5895854568398535E-02    7.8781366523105515E-07    1.6872557113742124E+05    5.4555593662723265E-02
      1.3731198651767402E-02    6.9920635385288255E-02    7.5791513945723246E-07    1.4885171507860615E+05    5.2485139829261590E-02
      1.3930923535251034E-02    6.4233279475558736E-02    7.2708538896702939E-07    1.3094659135140372E+05    5.0350199278346712E-02
      1.4133553484060292E-02    5.8854798625680639E-02    6.9569307628658729E-07    1.1489512591513101E+05    4.8176301654693443E-02
      1.4339130753343353E-02    5.3799467610793024E-02    6.6408651438977525E-07    1.0057344594552979E+05    4.5987567409505568E-02
      1.4547698212863678E-02    4.9075025151248799E-02    6.3258443923876141E-07    8.7851970836799854E+04    4.3806068804797767E-02
      1.4759299355939797E-02    4.4683121448317806E-02    6.0146890531652546E-07    7.6598472180092125E+04    4.1651337933555112E-02
      1.4973978308515117E-02    4.0619972284876460E-02    5.7098066524415436E-07    6.6680961147279973E+04    3.9540046761178692E-02
      1.5191779838359684E-02    3.6877160990564962E-02    5.4131709678088251E-07    5.7970271311575998E+04    3.7485863571561133E-02
      1.5412749364405745E-02    3.3442529745223951E-02    5.1263260580826010E-07    5.0342247560482720E+04    3.5499480873483057E-02
      1.5636932966219132E-02    3.0301087038365964E-02    4.8504102517718507E-07    4.3679465280979639E+04    3.3588781519239538E-02
      1.5864377393608395E-02    2.7435883627606732E-02    4.5861965419726738E-07    3.7872474477671814E+04    3.1759118436701234E-02
      1.6095130076373705E-02    2.4828802706451061E-02    4.3341424876347639E-07    3.2820570987322702E+04    3.0013660192400784E-02
      1.6329239134197544E-02    2.2461235374266982E-02    4.0944442383150058E-07    2.8432144583839035E+04    2.8353765109504551E-02
      1.6566753386679369E-02    2.0314622928164560E-02    3.8670891998095383E-07    2.4624667262295730E+04    2.6779345973954354E-02
      1.6807722363515975E-02    1.8370866512567609E-02    3.6519038096062309E-07    2.1324402539322960E+04    2.5289200876427630E-02
      1.7052196314830223E-02    1.6612618260647149E-02    3.4485948695157473E-07    1.8465919647756280E+04    2.3881299438170356E-02
      1.7300226221649832E-02    1.5023471601237397E-02    3.2567837144399647E-07    1.5991484502080340E+04    2.2553019427538283E-02
      1.7551863806538660E-02    1.3588069765459149E-02    3.0760331823322935E-07    1.3850385916454792E+04    2.1301333525251345E-02
      1.7807161544382562E-02    1.2292152858803012E-02    2.9058682746397610E-07    1.1998243842975036E+04    2.0122952396636890E-02
      1.8066172673332201E-02    1.1122562793262744E-02    2.7457920400472230E-07    1.0396333993085314E+04    1.9014434685544892E-02
      1.8328951205904956E-02    1.0067219475260139E-02    2.5952977332444424E-07    9.0109487363729495E+03    1.7972271213034203E-02
      1.8595551940248371E-02    9.1150780964430207E-03    2.4538780857428494E-07    7.8128052982750341E+03    1.6992949177187099E-02
      1.8866030471567402E-02    8.2560747687960550E-03    2.3210323735360604E-07    6.7765063578353893E+03    1.6073001096207431E-02
      1.9140443203717876E-02    7.4810652807388942E-03    2.1962717026890934E-07    5.8800538378619021E+03    1.5209041410788713E-02
      1.9418847360968602E-02    6.7817607416081529E-03    2.0791229372121115E-07    5.1044146592822090E+03    1.4397793684389164E-02
      1.9701300999934536E-02    6.1506621927165739E-03    1.9691314282399373E-07    4.4331352759991514E+03    1.3636109502625724E-02
      1.9987863021683556E-02    5.5809960229083709E-03    1.8658627692705148E-07    3.8520014938557397E+03    1.2920980628188417E-02
      2.0278593184019290E-02    5.0666515465667078E-03    1.7689037894219041E-07    3.3487397422694626E+03    1.2249545879081647E-02
      2.0573552113942635E-02    4.6021216191701082E-03    1.6778629514777469E-07    2.9127558010136390E+03    1.1619093885063672E-02
      2.0872801320294510E-02    4.1824468486117783E-03    1.5923702984587186E-07    2.5349070557079872E+03    1.1027062717657306E-02
      2.1176403206582577E-02    3.8031637776066401E-03    1.5120770969739390E-07    2.2073045727368522E+03    1.0471037420381194E-02
      2.1484421083994374E-02    3.4602570680201520E-03    1.4366552501659423E-07    1.9231414330997613E+03    9.9487459434311927E-03
      2.1796919184599865E-02    3.1501156488623096E-03    1.3657965534317986E-07    1.6765441076346729E+03    9.4580539895966122E-03
      2.2113962674746006E-02    2.8694926988146819E-03    1.2992118508052702E-07    1.4624439655167569E+03    8.9969591722604894E-03
      2.2435617668646084E-02    2.6154692610764331E-03    1.2366301309397000E-07    1.2764663081669635E+03    8.5635847551387596E-03
      2.2761951242166768E-02    2.3854212584610845E-03    1.1777975921966890E-07    1.1148346194183321E+03    8.1561731780790004E-03
      2.3093031446815668E-02    2.1769896674190925E-03    1.1224767014729626E-07    9.7428800181292945E+02    7.7730795394965338E-03
      2.3428927323932369E-02    1.9880535984861027E-03    1.0704452621072167E-07    8.5201001698318703E+02    7.4127651416888082E-03
      2.3769708919085863E-02    1.8167060363430967E-03    1.0214955017882409E-07    7.4556737616561941E+02    7.0737911746573366E-03
      2.4115447296681414E-02    1.6612320096583589E-03    9.7543319189839322E-08    6.5285713246750674E+02    6.7548126176174622E-03
      2.4466214554779844E-02    1.5200889626407349E-03    9.3207680139251066E-08    5.7206120061945740E+02    6.4545723796637878E-03
      2.4822083840132431E-02    1.3918891215480590E-03    8.9125668950110637E-08    5.0160719054940989E+02    6.1718957092913324E-03
      2.5183129363434451E-02    1.2753836633252627E-03    8.5281433931791964E-08    4.4013467812936346E+02    5.9056848870382107E-03
      2.5549426414800593E-02    1.1694485088746755E-03    8.1660163304606429E-08    3.8646615641647543E+02    5.6549142066114532E-03
      2.5921051379465480E-02    1.0730715787963454E-03    7.8248016889911613E-08    3.3958201506694422E+02    5.4186252444706250E-03
      2.6298081753712545E-02    9.8534136351311570E-04    7.5032061867467871E-08    2.9859898583999501E+02    5.1959224110657504E-03
      2.6680596161034676E-02    9.0543667382060329E-04    7.2000212477502950E-08    2.6275157044453931E+02    4.9859687752437688E-03
      2.7068674368529735E-02    8.3261745108126209E-04    6.9141173544328984E-08    2.3137603458642070E+02    4.7879821532950378E-03
      2.7462397303534763E-02    7.6621652757375162E-04    6.6444387640627413E-08    2.0389661010382346E+02    4.6012314501137812E-03
      2.7861847070502020E-02    7.0563223852412134E-04    6.3899985707310636E-08    1.7981359728323577E+02    4.4250332396550095E-03
      2.8267106968120535E-02    6.5032179732330442E-04    6.1498740941466543E-08    1.5869310263048723E+02    4.2587485717041048E-03
      2.8678261506686658E-02    5.9979535446578580E-04    5.9232025764328268E-08    1.4015818450367641E+02    4.1017799919361780E-03
      2.9095396425727307E-02    5.5361066894558659E-04    5.7091771686449082E-08    1.2388121094501270E+02    3.9535687626050409E-03
      2.9518598711879541E-02    5.1136832815532713E-04    5.5070431885026846E-08    1.0957726147022953E+02    3.8135922710468011E-03
      2.9947956617030185E-02    4.7270745902413679E-04    5.3160946317129762E-08    9.6998428162867285E+01    3.6813616137930005E-03
      3.0383559676719317E-02    4.3730187920796264E-04    5.1356709210774313E-08    8.5928891696793926E+01    3.5564193453485114E-03
      3.0825498728811435E-02    4.0485664240373030E-04    4.9651538773028716E-08    7.6180665284844196E+01    3.4383373804970220E-03
      3.1273865932438208E-02    3.7510493671160945E-04    4.8039648965751946E-08    6.7589914509806249E+01    3.3267150397889738E-03
      3.1728754787216734E-02    3.4780529929188969E-04    4.6515623208529486E-08    6.0013773838219535E+01    3.2211772284866432E-03
      3.2190260152747362E-02    3.2273911443101122E-04    4.5074389876985355E-08    5.3327591652337929E+01    3.1213727398378783E-03
      3.2658478268395096E-02    2.9970836559302448E-04    4.3711199473044542E-08    4.7422545117940537E+01    3.0269726741313425E-03
      3.3133506773358738E-02    2.7853361512924216E-04    4.2421603351772945E-08    4.2203574354885177E+01    2.9376689655437500E-03
      3.3615444727031950E-02    2.5905218808758068E-04    4.1201433897040312E-08    3.7587592382298595E+01    2.8531730093171760E-03
      3.4104392629660446E-02    2.4111653903993241E-04    4.0046786045657239E-08    3.3501933333136982E+01    2.7732143823173301E-03
      3.4600452443299609E-02    2.2459278305887915E-04    3.8954000066448291E-08    2.9883006612045364E+01    2.6975396504953586E-03
      3.5103727613077257E-02    2.0935937395416104E-04    3.7919645507243451E-08    2.6675129125620366E+01    2.6259112572272441E-03
      3.5614323088765068E-02    1.9530591464791226E-04    3.6940506228793566E-08    2.3829511547307369E+01    2.5581064869220006E-03
      3.6132345346664339E-02    1.8233208614927833E-04    3.6013566450333538E-08    2.1303377878120013E+01    2.4939164986858245E-03
      3.6657902411809849E-02    1.7034668300222971E-04    3.5135997736716012E-08    1.9059200404297414E+01    2.4331454251894096E-03
      3.7191103880496679E-02    1.5926674434815861E-04    3.4305146862774355E-08    1.7064034598999875E+01    2.3756095322828232E-03
      3.7732060943134742E-02    1.4901677086405575E-04    3.3518524492893082E-08    1.5288940620441329E+01    2.3211364350629814E-03
      3.8280886407435689E-02    1.3952801885864775E-04    3.2773794619976673E-08    1.3708479875376366E+01    2.2695643665289799E-03
      3.8837694721937141E-02    1.3073786371357952E-04    3.2068764712334722E-08    1.2300276681255248E+01    2.2207414952601741E-03
      3.9402601999869016E-02    1.2258922565935274E-04    3.1401376519377957E-08    1.1044636408650188E+01    2.1745252887164987E-03
      3.9975726043367042E-02    1.1503005160223056E-04    3.0769697490949795E-08    9.9242126493040264E+00    2.1307819190326490E-03
      4.0557186368038511E-02    1.0801284736576662E-04    3.0171912768223651E-08    8.9237169589482477E+00    2.0893857083928314E-03
      4.1147104227885201E-02    1.0149425529085328E-04    2.9606317707157859E-08    8.0296655904461947E+00    2.0502186112847883E-03
      4.1745602640588991E-02    9.5434672656934366E-05    2.9071310898166026E-08    7.2301583807795549E+00    2.0131697311164196E-03
      4.2352806413165120E-02    8.9797906851904138E-05    2.8565387648225966E-08    6.5146856014816343E+00    1.9781348688559901E-03
      4.2968842167988713E-02    8.4550863634525218E-05    2.8087133894019666E-08    5.8739591403017091E+00    1.9450161015209517E-03
      4.3593838369199694E-02    7.9663265206028890E-05    2.7635220516867908E-08    5.2997648643607036E+00    1.9137213884907968E-03
      4.4227925349491944E-02    7.5107395141676931E-05    2.7208398032247380E-08    4.7848334322300321E+00    1.8841642037595036E-03
      4.4871235337292092E-02    7.0857867532465180E-05    2.6805491628543805E-08    4.3227271832151377E+00    1.8562631923723571E-03
      4.5523902484333460E-02    6.6891417955729834E-05    2.6425396531496023E-08    3.9077410444025538E+00    1.8299418494166590E-03
      4.6186062893631252E-02    6.3186714133809814E-05    2.6067073672308938E-08    3.5348156663244348E+00    1.8051282200413135E-03
      4.6857854647864655E-02    5.9724184356011921E-05    2.5729545639007006E-08    3.1994612322211791E+00    1.7817546190906401E-03
      4.7539417838171651E-02    5.6485861932561205E-05    2.5411892891935155E-08    2.8976905886963209E+00    1.7597573690302248E-03
      4.8230894593362737E-02    5.3455244123046209E-05    2.5113250225659627E-08    2.6259605213647434E+00    1.7390765549358139E-03
      4.8932429109559597E-02    5.0617164137667996E-05    2.4832803460693006E-08    2.3811201515339846E+00    1.7196557953973804E-03
      4.9644167680264778E-02    4.7957674949598058E-05    2.4569786349620683E-08    2.1603655622003775E+00    1.7014420282703573E-03
      5.0366258726868826E-02    4.1095375268501046E-05    2.1973685305623425E-08    1.7727508480907144E+00    1.5216636873829250E-03
      5.1098852829601096E-02    3.7011785648326061E-05    2.0681327323763706E-08    1.5289046966444853E+00    1.4321687217117754E-03
      5.1842102758930877E-02    3.6466781459813403E-05    2.1278347409132092E-08    1.4425252909293285E+00    1.4735119817024351E-03
      5.2596163507424999E-02    3.5776666922072083E-05    2.1799810609272518E-08    1.3552253126746048E+00    1.5096229755991717E-03
      5.3361192322069262E-02    3.5067680104032703E-05    2.2313799122735507E-08    1.2720503108601455E+00    1.5452163522126250E-03
      5.4137348737059374E-02    3.4360234621770372E-05    2.2831616598976893E-08    1.1935455508289077E+00    1.5810748820554610E-03
      5.4924794607069428E-02    3.3661566447169621E-05    2.3357648096500105E-08    1.1197029564044965E+00    1.6175022276312115E-03
      5.5723694141003942E-02    3.2974867864914177E-05    2.3894183734673038E-08    1.0503576238117884E+00    1.6546569782449213E-03
      5.6534213936240973E-02    3.2301686457595121E-05    2.4442675184038672E-08    9.8529198645418825E-01    1.6926396611554714E-03
      5.7356523013373226E-02    3.1642779381656455E-05    2.5004179268766172E-08    9.2427243679082760E-01    1.7315234607622842E-03
      5.8190792851454523E-02    3.0998479818228569E-05    2.5579546653242945E-08    8.6706448970959071E-01    1.7713672850314310E-03
      5.9037197423758986E-02    3.0368875566803238E-05    2.6169513102738878E-08    8.1343965673058416E-01    1.8122220852384062E-03
      5.9895913234060266E-02    2.9753904607171442E-05    2.6774748026604559E-08    7.6317866460198514E-01    1.8541342175536302E-03
      6.0767119353438530E-02    2.9153410020881929E-05    2.7395882292396384E-08    7.1607290392104250E-01    1.8971473691528655E-03
      6.1650997457622772E-02    2.8567173376760007E-05    2.8033525153924609E-08    6.7192496220021458E-01    1.9413037304737465E-03
      6.2547731864876319E-02    2.7994935953567873E-05    2.8688275086324192E-08    6.3054866206143578E-01    1.9866447455375194E-03
      6.3457509574433357E-02    2.7436410676086995E-05    2.9360724798433180E-08    5.9176878148475054E-01    2.0332114590530478E-03
      6.4380520305494612E-02    2.6891269480417860E-05    3.0051440926719706E-08    5.5542021935927821E-01    2.0810431102342157E-03
      6.5316956536790066E-02    2.6359138995982482E-05    3.0760949191514699E-08    5.2134741711067012E-01    2.1301761048785101E-03
      6.6267013546717365E-02    2.5839649979622673E-05    3.1489781934675518E-08    4.8940483750642089E-01    2.1806473073198995E-03
      6.7230889454063789E-02    2.5332448642084242E-05    3.2238491377150355E-08    4.5945652912332269E-01    2.2324949585067087E-03
      6.8208785259320712E-02    2.4837194553891599E-05    3.3007648839511401E-08    4.3137544579057430E-01    2.2857586220240379E-03
      6.9200904886599163E-02    2.4353559400155767E-05    3.3797844671954049E-08    4.0504283278266623E-01    2.3404791792462523E-03
      7.0207455226154472E-02    2.3881226114509851E-05    3.4609688494860342E-08    3.8034766383458674E-01    2.3966988459958481E-03
      7.1228646177530081E-02    2.3419888193204244E-05    3.5443809573839826E-08    3.5718612077282391E-01    2.4544611985147912E-03
      7.2264690693328623E-02    2.2969249130171187E-05    3.6300857292416035E-08    3.3546111118649691E-01    2.5138112061977563E-03
      7.3315804823619629E-02    2.2529021913297288E-05    3.7181501660875201E-08    3.1508182019658315E-01    2.5747952668295718E-03
      7.4382207760993302E-02    2.2098928602686964E-05    3.8086433913005667E-08    2.9596329401694099E-01    2.6374612479090486E-03
      7.5464121886269414E-02    2.1678699922951304E-05    3.9016367096606925E-08    2.7802605197432917E-01    2.7018585275413506E-03
      7.6561772814871323E-02    2.1268074927201352E-05    3.9972036765044188E-08    2.6119572569766103E-01    2.7680380423277078E-03
      7.7675389443874143E-02    2.0866800648985116E-05    4.0954201633014455E-08    2.4540272242537001E-01    2.8360523327767987E-03
      7.8805203999737894E-02    2.0474631806249433E-05    4.1963644317367268E-08    2.3058191154721602E-01    2.9059555946061165E-03
      7.9951452086733946E-02    2.0091330522034754E-05    4.3001172106470153E-08    2.1667233228496580E-01    2.9778037320200312E-03
      8.1114372736076884E-02    1.9716666034961584E-05    4.4067617704920759E-08    2.0361692076579513E-01    3.0516544092806337E-03
      8.2294208455770262E-02    1.9350414468593211E-05    4.5163840102722731E-08    1.9136225589082781E-01    3.1275671108976087E-03
      8.3491205281177844E-02    1.8992358592076186E-05    4.6290725434777508E-08    1.7985832195770368E-01    3.2056032011474936E-03
      8.4705612826330101E-02    1.8642287574579887E-05    4.7449187828882865E-08    1.6905828696137112E-01    3.2858259827970374E-03
      8.5937684335977288E-02    1.8299996785412381E-05    4.8640170371785312E-08    1.5891829598839169E-01    3.3683007640017098E-03
      8.7187676738399250E-02    1.7965287596013595E-05    4.9864646098987225E-08    1.4939727823929744E-01    3.4530949268492192E-03
      8.8455850698983818E-02    1.7637967175661751E-05    5.1123618982676571E-08    1.4045676670634039E-01    3.5402779957730097E-03
      8.9742470674584116E-02    1.7317848296085994E-05    5.2418124957064783E-08    1.3206072979473360E-01    3.6299217085562583E-03
      9.1047804968666851E-02    1.7004749167083311E-05    5.3749233054066628E-08    1.2417541423991146E-01    3.7221000949769802E-03
      9.2372125787262435E-02    1.6698493267685976E-05    5.5118046555247176E-08    1.1676919827170773E-01    3.8168895565796218E-03
      9.3715709295729227E-02    1.6398909182950739E-05    5.6525704189371365E-08    1.0981245442552010E-01    3.9143689496046038E-03
      9.5078835676343218E-02    1.6105830439296019E-05    5.7973381351055417E-08    1.0327742131032291E-01    4.0146196693791533E-03
      9.6461789186725405E-02    1.5819095354075024E-05    5.9462291399034062E-08    9.7138083842358905E-02    4.1177257402214840E-03
      9.7864858219119125E-02    1.5538546899903558E-05    6.0993687045985511E-08    9.1370061369615382E-02    4.2237739116852821E-03
      9.9288335360529487E-02    1.5264032565715602E-05    6.2568861780601074E-08    8.5950503047567378E-02    4.3328537570371285E-03
      1.0073251745373747E-01    1.4995404223057922E-05    6.4189151353981989E-08    8.0857990042083841E-02    4.4450577761885237E-03
      1.0219770565920203E-01    1.4732517998810807E-05    6.5855935340881534E-08    7.6072444112135817E-02    4.5604815038109130E-03
      1.0368420551786159E-01    1.4475234148264184E-05    6.7570638752114144E-08    7.1575042117460297E-02    4.6792236209939851E-03
      1.0519232701484992E-01    1.4223416932808412E-05    6.9334733721869962E-08    6.7348136084241270E-02    4.8013860720911320E-03
      1.0672238464413843E-01    1.3976934511052427E-05    7.1149741319407719E-08    6.3375178500941931E-02    4.9270741901780201E-03
      1.0827469747411866E-01    1.3735658828173555E-05    7.3017233421839847E-08    5.9640652423263357E-02    5.0563968267417709E-03
      1.0984958921413877E-01    1.3499465508449891E-05    7.4938834674450474E-08    5.6130006098404253E-02    5.1894664874317254E-03
      1.1144738828200780E-01    1.3268233751524158E-05    7.6916224547141452E-08    5.2829591814145718E-02    5.3263994744670211E-03
      1.1306842787248186E-01    1.3041846232151445E-05    7.8951139492373732E-08    4.9726608694161498E-02    5.4673160360726586E-03
      1.1471304602674634E-01    1.2820189003226978E-05    8.1045375210523374E-08    4.6809049179956319E-02    5.6123405233539560E-03
      1.1638158570290882E-01    1.2603151402964758E-05    8.3200789036310298E-08    4.4065648960946890E-02    5.7616015555552180E-03
      1.1807439484751776E-01    1.2390625961712550E-05    8.5419302421592441E-08    4.1485840111208178E-02    5.9152321919916503E-03
      1.1979182646812032E-01    1.2182508312467548E-05    8.7702903550397767E-08    3.9059707239107955E-02    6.0733701131386528E-03
      1.2153423870687685E-01    1.1978697108429446E-05    9.0053650119553997E-08    3.6777946462694569E-02    6.2361578131886579E-03
      1.2330199491524532E-01    1.1779093940006256E-05    9.2473672242116241E-08    3.4631827001259344E-02    6.4037428011116393E-03
      1.2509546372975242E-01    1.1583603254171333E-05    9.4965175501276100E-08    3.2613155223335341E-02    6.5762778121363739E-03
      1.2691501914886652E-01    1.1392132276246919E-05    9.7530444165069288E-08    3.0714240991732561E-02    6.7539210303668839E-03
      1.2876104061098900E-01    1.1204590933823713E-05    1.0017184456995442E-07    2.8927866155719267E-02    6.9368363230931183E-03
      1.3063391307357994E-01    1.1020891782877551E-05    1.0289182868456548E-07    2.7247255051346744E-02    7.1251934875785324E-03
      1.3253402709343451E-01    1.0840949935888757E-05    1.0569293786348836E-07    2.5666046879374290E-02    7.3191685110067213E-03
      1.3446177890812736E-01    1.0664682991970964E-05    1.0857780680321124E-07    2.4178269839415234E-02    7.5189438444284553E-03
      1.3641757051864131E-01    1.0492010968772122E-05    1.1154916771074967E-07    2.2778316906289012E-02    7.7247086914363130E-03
      1.3840180977319821E-01    1.0322856236240945E-05    1.1460985469920036E-07    2.1460923142863929E-02    7.9366593125539692E-03
      1.4041491045230881E-01    1.0157143452050521E-05    1.1776280842230401E-07    2.0221144449912593E-02    8.1549993461767223E-03
      1.4245729235506005E-01    9.9947994987835335E-06    1.2101108096408713E-07    1.9054337660697293E-02    8.3799401471760637E-03
      1.4452938138665714E-01    9.8357534227099082E-06    1.2435784099851974E-07    1.7956141893448942E-02    8.6117011442026874E-03
      1.4663160964723915E-01    9.6799363744110637E-06    1.2780637923766146E-07    1.6922461081390963E-02    8.8505102169671220E-03
      1.4876441552198649E-01    9.5272815488405640E-06    1.3136011415158800E-07    1.5949447600588831E-02    9.0966040923410006E-03
      1.5092824377253858E-01    9.3777241292031996E-06    1.3502259804196326E-07    1.5033486933102920E-02    9.3502287649480462E-03
      1.5312354562974240E-01    9.2312012318282878E-06    1.3879752344906615E-07    1.4171183293866857E-02    9.6116399408465933E-03
      1.5535077888774818E-01    9.0876518518240404E-06    1.4268872990959547E-07    1.3359346159517942E-02    9.8811035055032699E-03
      1.5761040799947562E-01    8.9470168099981830E-06    1.4670021109304523E-07    1.2594977642435421E-02    1.0158896017982422E-02
      1.5990290417346781E-01    8.8092387011519958E-06    1.5083612234130479E-07    1.1875260656208472E-02    1.0445305233058626E-02
      1.6222874547215360E-01    8.6742618433646348E-06    1.5510078862955679E-07    1.1197547821537611E-02    1.0740630652503788E-02
      1.6458841691154039E-01    8.5420322285128024E-06    1.5949871297744402E-07    1.0559351065796526E-02    1.1045184107555072E-02
      1.6698241056235552E-01    8.4124974738459174E-06    1.6403458533426782E-07    9.9583318718942694E-03    1.1359290374209232E-02
      1.6941122565265992E-01    8.2856067746809113E-06    1.6871329196743893E-07    9.3922921352817441E-03    1.1683287823366846E-02
      1.7187536867195427E-01    8.1613108580396355E-06    1.7353992538042732E-07    8.8591655902987669E-03    1.2017529107643997E-02
      1.7437535347679819E-01    8.0395619372134671E-06    1.7851979479056301E-07    8.3570097697912120E-03    1.2362381886953312E-02
      1.7691170139796733E-01    7.9203136675540823E-06    1.8365843720592100E-07    7.8839984645434763E-03    1.2718229595571168E-02
      1.7948494134916793E-01    7.8035211027679730E-06    1.8896162912026798E-07    7.4384146501694018E-03    1.3085472252005289E-02
      1.8209560993733337E-01    7.6891406525172283E-06    1.9443539887951242E-07    7.0186438527679211E-03    1.3464527315363524E-02
      1.8474425157452462E-01    7.5771300406069554E-06    2.0008603974190299E-07    6.6231679249343124E-03    1.3855830589764265E-02
      1.8743141859145823E-01    7.4674482640355301E-06    2.0592012367749669E-07    6.2505592065680475E-03    1.4259837179940792E-02
      1.9015767135268619E-01    7.3600555530272678E-06    2.1194451595251171E-07    5.8994750463377352E-03    1.4677022501198421E-02
      1.9292357837345039E-01    7.2549133315875825E-06    2.1816639053044285E-07    5.5686526607483036E-03    1.5107883345931911E-02
      1.9572971643823783E-01    7.1519841789598081E-06    2.2459324634582783E-07    5.2569043099368988E-03    1.5552939010573398E-02
      1.9857667072105856E-01    7.0512317918370330E-06    2.3123292449570709E-07    4.9631127702013961E-03    1.6012732486090021E-02
      2.0146503490747469E-01    6.9526209470124378E-06    2.3809362638920572E-07    4.6862270844579574E-03    1.6487831714830883E-02
      2.0439541131840380E-01    6.8561174650604413E-06    2.4518393292685246E-07    4.4252585736630230E-03    1.6978830918682672E-02
      2.0736841103572293E-01    6.7616881742881035E-06    2.5251282474084519E-07    4.1792770923660804E-03    1.7486352000695104E-02
      2.1038465402969958E-01    6.6693008754792366E-06    2.6008970357067095E-07    3.9474075135248789E-03    1.8011046025329002E-02
      2.1344476928827660E-01    6.5789243072385745E-06    2.6792441482894874E-07    3.7288264281567863E-03    1.8553594781126486E-02
      2.1654939494823705E-01    6.4905281117540211E-06    2.7602727141340530E-07    3.5227590463530294E-03    1.9114712429675128E-02
      2.1969917842827727E-01    6.4040828009618852E-06    2.8440907882862076E-07    3.3284762871508087E-03    1.9695147245272774E-02
      2.2289477656401521E-01    6.3195597235831722E-06    2.9308116170600726E-07    3.1452920457824699E-03    2.0295683451419189E-02
      2.2613685574496334E-01    6.2369310320860970E-06    3.0205539175304967E-07    2.9725606268117839E-03    2.0917143156283100E-02
      2.2942609205349229E-01    6.1561696503517773E-06    3.1134421723729006E-07    2.8096743333009835E-03    2.1560388394449338E-02
      2.3276317140581748E-01    6.0772492415785805E-06    3.2096069406113033E-07    2.6560612021270186E-03    2.2226323278829081E-02
      2.3614878969503536E-01    6.0001441765249534E-06    3.3091851850970935E-07    2.5111828764813851E-03    2.2915896268429457E-02
      2.3958365293624048E-01    5.9248295019343051E-06    3.4123206174412194E-07    2.3745326070324598E-03    2.3630102556986943E-02
      2.4306847741375354E-01    5.8512809092348072E-06    3.5191640612704740E-07    2.2456333738769723E-03    2.4369986588493972E-02
      2.4660398983049048E-01    5.7794747033406213E-06    3.6298738345578391E-07    2.1240361217899780E-03    2.5136644704812160E-02
      2.5019092745950455E-01    5.7093877715402551E-06    3.7446161518711817E-07    2.0093181018220737E-03    2.5931227931218884E-02
      2.5383003829773271E-01    5.6409975525323571E-06    3.8635655474543099E-07    1.9010813127528100E-03    2.6754944906216573E-02
      2.5752208122197773E-01    5.5742820051496648E-06    3.9869053197212971E-07    1.7989510361376849E-03    2.7609064959627564E-02
      2.6126782614715954E-01    5.5092195772771194E-06    4.1148279983671939E-07    1.7025744594139644E-03    2.8494921347305968E-02
      2.6506805418686868E-01    5.4457891745078728E-06    4.2475358346882778E-07    1.6116193815428007E-03    2.9413914646574123E-02
      2.6892355781625438E-01    5.3839701284122675E-06    4.3852413158678466E-07    1.5257729961371876E-03    3.0367516317618887E-02
      2.7283514103728229E-01    5.3237421645901173E-06    4.5281677041942571E-07    1.4447407474284394E-03    3.1357272437542161E-02
      2.7680361954639610E-01    5.2650853704089482E-06    4.6765496019813427E-07    1.3682452546208629E-03    3.2384807612398751E-02
      2.8082982090461706E-01    5.2079801619305134E-06    4.8306335425515071E-07    1.2960253003689720E-03    3.3451829069716534E-02
      2.8491458471011949E-01    5.1524072505542779E-06    4.9906786084453462E-07    1.2278348796470968E-03    3.4560130939558724E-02
      2.8905876277331366E-01    5.0983476087298788E-06    5.1569570769672143E-07    1.1634423052064669E-03    3.5711598724885656E-02
      2.9326321929447768E-01    5.0457824350703130E-06    5.3297550939355153E-07    1.1026293662988941E-03    3.6908213967232609E-02
      2.9752883104397232E-01    4.9946931182738039E-06    5.5093733755372916E-07    1.0451905373341265E-03    3.8152059107008029E-02
      3.0185648754507677E-01    4.9450612003037462E-06    5.6961279390690298E-07    9.9093223358231140E-04    3.9445322543827016E-02
      3.0624709125948441E-01    4.8968683382444764E-06    5.8903508621706066E-07    9.3967211098068982E-04    4.0790303894157914E-02
      3.1070155777549596E-01    4.8500962649383545E-06    6.0923910706490232E-07    8.9123840743981673E-04    4.2189419446951433E-02
      3.1522081599895091E-01    4.8047267483766967E-06    6.3026151546879840E-07    8.4546932316857670E-04    4.3645207815839915E-02
      3.1980580834693517E-01    4.7607415492071240E-06    6.5214082122007486E-07    8.0221243758389648E-04    4.5160335779301987E-02
      3.2445749094430676E-01    4.7181223770601935E-06    6.7491747194558771E-07    7.6132416076147929E-04    4.6737604309690345E-02
      3.2917683382308022E-01    4.6768508449198185E-06    6.9863394269637264E-07    7.2266921724190719E-04    4.8379954777188539E-02
      3.3396482112471049E-01    4.6369084214625490E-06    7.2333482790005567E-07    6.8612016027441681E-04    5.0090475317456744E-02
      3.3882245130531957E-01    4.5982763816399625E-06    7.4906693552804666E-07    6.5155691474375250E-04    5.1872407352649884E-02
      3.4375073734390826E-01    4.5609357549574138E-06    7.7587938316119696E-07    6.1886634700476719E-04    5.3729152243903046E-02
      3.4875070695359611E-01    4.5248672716182528E-06    8.0382369568348361E-07    5.8794186006714297E-04    5.5664278056556854E-02
      3.5382340279593438E-01    4.4900513061587083E-06    8.3295390418518743E-07    5.5868301258844681E-04    5.7681526409139393E-02
      3.5896988269833557E-01    4.4564678189715523E-06    8.6332664571738073E-07    5.3099516032719036E-04    5.9784819381300876E-02
      3.6419121987466652E-01    4.4240962947076893E-06    8.9500126320874167E-07    5.0478911861135019E-04    6.1978266432989260E-02
      3.6948850314904863E-01    4.3929156787259041E-06    9.2803990516116185E-07    4.7998084473201228E-04    6.4266171308307460E-02
      3.7486283718291580E-01    4.3629043104722547E-06    9.6250762422690702E-07    4.5649113895669777E-04    6.6653038861918881E-02
      3.8031534270537176E-01    4.3340398539985188E-06    9.9847247388903905E-07    4.3424536310023335E-04    6.9143581754104885E-02
      3.8584715674690045E-01    4.3062992264917078E-06    1.0360056025199833E-06    4.1317317570791162E-04    7.1742726964260609E-02
      3.9145943287647533E-01    4.2796585233665987E-06    1.0751813434558660E-06    3.9320828272260795E-04    7.4455622028485338E-02
      3.9715334144211678E-01    4.2540929407603924E-06    1.1160773000560791E-06    3.7428820281362491E-04    7.7287640929903145E-02
      4.0293006981494905E-01    4.2295766964536567E-06    1.1587744246752358E-06    3.5635404658494898E-04    8.0244389567420388E-02
      4.0879082263680727E-01    4.2060829467030425E-06    1.2033570893927570E-06    3.3935030861652923E-04    8.3331710653704372E-02
      4.1473682207144513E-01    4.1835837026543859E-06    1.2499131477465410E-06    3.2322467189083962E-04    8.6555687990200747E-02
      4.2076930805939849E-01    4.1620497434431810E-06    1.2985339848348875E-06    3.0792782361448807E-04    8.9922649936659688E-02
      4.2688953857655249E-01    4.1414505282238956E-06    1.3493145542916459E-06    2.9341328193186063E-04    9.3439171971641269E-02
      4.3309878989647338E-01    4.1217541067354087E-06    1.4023533997386447E-06    2.7963723283261235E-04    9.7112078178082609E-02
      4.3939835685655376E-01    4.1029270290369965E-06    1.4577526583763973E-06    2.6655837667356145E-04    1.0094844149195194E-01
      4.4578955312802987E-01    4.0849342546535092E-06    1.5156180440190220E-06    2.5413778373593025E-04    1.0495558252742754E-01
      4.5227371148992612E-01    4.0677390626731249E-06    1.5760588071092253E-06    2.4233875835007486E-04    1.0914106680796104E-01
      4.5885218410698403E-01    4.0513029612380685E-06    1.6391876678845548E-06    2.3112671094855421E-04    1.1351270013808284E-01
      4.6552634281163441E-01    4.0355856008892010E-06    1.7051207208451210E-06    2.2046903780599615E-04    1.1807852198785300E-01
      4.7229757939007011E-01    4.0205446884060178E-06    1.7739773055242109E-06    2.1033500776436711E-04    1.2284679654380856E-01
      4.7916730587248013E-01    4.0061359053266690E-06    1.8458798411718799E-06    2.0069565572089401E-04    1.2782600126090779E-01
      4.8613695482750624E-01    3.9923128312217900E-06    1.9209536212529178E-06    1.9152368241711525E-04    1.3302481263164548E-01
      4.9320797966098012E-01    3.9790268720173612E-06    1.9993265634275259E-06    1.8279336011395937E-04    1.3845208887237434E-01
      5.0038185491900844E-01    3.9662271953238248E-06    2.0811289112227246E-06    1.7448044384085987E-04    1.4411684926424029E-01
      5.0766007659546486E-01    3.9538606755673462E-06    2.1664928840219610E-06    1.6656208794522091E-04    1.5002824991518615E-01
      5.1504416244395479E-01    3.9418718469128915E-06    2.2555522694419060E-06    1.5901676746832148E-04    1.5619555553230488E-01
      5.2253565229431842E-01    3.9302028689912809E-06    2.3484419556211399E-06    1.5182420420895937E-04    1.6262810703312949E-01
      5.3013610837373670E-01    3.9187935051674856E-06    2.4452973983503661E-06    1.4496529710413168E-04    1.6933528464474037E-01
      5.3784711563250787E-01    3.9077845694067803E-06    2.5463874423828829E-06    1.3842926382656411E-04    1.7633570569477039E-01
      5.4567028207456370E-01    3.8982357410991242E-06    2.6526330881918991E-06    1.3223640073395119E-04    1.8369314887835661E-01
      5.5360723909279130E-01    3.8893943680392001E-06    2.7637907337758338E-06    1.2634280864009915E-04    1.9139074491231672E-01
      5.6165964180923367E-01    3.8798938898894719E-06    2.8791025978721692E-06    1.2069075936580930E-04    1.9937601792771409E-01
      5.6982916942023853E-01    3.8697642040066356E-06    2.9987198972589039E-06    1.1527212511147224E-04    2.0765943958994318E-01
      5.7811752554662676E-01    3.8589646387397067E-06    3.1227432298813278E-06    1.1007690774452949E-04    2.1624797624253006E-01
      5.8652643858895481E-01    3.8474258194626981E-06    3.2512455836003111E-06    1.0509481799370049E-04    2.2514668224827103E-01
      5.9505766208794419E-01    3.8350641732615488E-06    3.3842790102485438E-06    1.0031579240816819E-04    2.3435916216336883E-01
      6.0371297509015309E-01    3.8217885932714165E-06    3.5218767043438118E-06    9.5730198111027413E-05    2.4388771468700082E-01
      6.1249418251896770E-01    3.8075040626245171E-06    3.6640533045819250E-06    9.1328915057591552E-05    2.5373335353951176E-01
      6.2140311555099093E-01    3.7921139462017468E-06    3.8108044305147726E-06    8.7103363769164689E-05    2.6389577537766495E-01
      6.3044163199790071E-01    3.7755216539889412E-06    3.9621058879241972E-06    8.3045506658749205E-05    2.7437330476728977E-01
      6.3961161669386923E-01    3.7576320045949800E-06    4.1179127681402142E-06    7.9147835972409128E-05    2.8516283181164309E-01
      6.4891498188861263E-01    3.7383524478648927E-06    4.2781585733041335E-06    7.5403354675560646E-05    2.9625975157643891E-01
      6.5835366764615966E-01    3.7175942329868489E-06    4.4427544663492027E-06    7.1805553658342813E-05    3.0765791215148580E-01
      6.6792964224942020E-01    3.6952735640027675E-06    4.6115887229127182E-06    6.8348386994660483E-05    3.1934957669595104E-01
      6.7764490261063837E-01    3.6713132209165015E-06    4.7845270650635494E-06    6.5026254316438592E-05    3.3132544654877810E-01
      6.8750147468781542E-01    3.6456516155319977E-06    4.9614236719607747E-06    6.1834106501719463E-05    3.4357542370977223E-01
      6.9750141390719134E-01    3.6182730419799012E-06    5.1421654729895943E-06    5.8767861431978363E-05    3.5609167811100190E-01
      7.0764680559186743E-01    3.5891911745837339E-06    5.3266584524547167E-06    5.5823976204399744E-05    3.6886769922555362E-01
      7.1793976539667004E-01    3.5584175758139021E-06    5.5147864867042016E-06    5.2998882409086226E-05    3.8189544556462185E-01
      7.2838243974933170E-01    3.5259650567416405E-06    5.7064144866549516E-06    5.0289049861330755E-05    3.9516556229539390E-01
      7.3897700629809626E-01    3.4918500412669161E-06    5.9013910886759863E-06    4.7691022747189835E-05    4.0866756758299999E-01
      7.4972567436583082E-01    3.4560936806327465E-06    6.0995501477286301E-06    4.5201430868715262E-05    4.2238995598951867E-01
      7.6063068541074230E-01    3.4187224121661429E-06    6.3007117889528338E-06    4.2816990764411368E-05    4.3632027129565837E-01
      7.7169431349379969E-01    3.3797682009950241E-06    6.5046832514281879E-06    4.0534502112947644E-05    4.5044516493066938E-01
      7.8291886575294944E-01    3.3392685712057172E-06    6.7112596096793000E-06    3.8350841932373967E-05    4.6475044593613091E-01
      7.9430668288423212E-01    3.2972664840178531E-06    6.9202244054512303E-06    3.6262957923295265E-05    4.7922112471599676E-01
      8.0586013962989678E-01    3.2538101054318845E-06    7.1313502130710057E-06    3.4267861807006356E-05    4.9384145218751968E-01
      8.1758164527361310E-01    3.2089524921662265E-06    7.3443991491375231E-06    3.2362623144592377E-05    5.0859495507695174E-01
      8.2947364414288960E-01    3.1627512135284765E-06    7.5591233217743808E-06    3.0544363873265514E-05    5.2346446703001637E-01
      8.4153861611879632E-01    3.1152679177062320E-06    7.7752651976779548E-06    2.8810253631235098E-05    5.3843215402975353E-01
      8.5377907715310419E-01    3.0665678534460833E-06    7.9925578698612723E-06    2.7157505927404928E-05    5.5347953293761198E-01
      8.6619757979294609E-01    3.0167193517790550E-06    8.2107251937758807E-06    2.5583375121333609E-05    5.6858748091980171E-01
      8.7879671371310686E-01    2.9657932880879058E-06    8.4294817998697098E-06    2.4085154294336189E-05    5.8373623631691873E-01
      8.9157910625605863E-01    2.9138625562537455E-06    8.6485330357538169E-06    2.2660174129909043E-05    5.9890539463902748E-01
      9.0454742297985113E-01    2.8610015615756502E-06    8.8675748409249098E-06    2.1305802664190563E-05    6.1407389989027716E-01
      9.1770436821396695E-01    2.8072857495245515E-06    9.0862935944337808E-06    2.0019445848295202E-05    6.2922003402003701E-01
      9.3105268562326715E-01    2.7527911516183810E-06    9.3043658735688525E-06    1.8798548602972324E-05    6.4432140021188600E-01
      9.4459515878013867E-01    2.6975939515735379E-06    9.5214581178671676E-06    1.7640596260051777E-05    6.5935489961658844E-01
      9.5833461174495915E-01    2.6417700771085935E-06    9.7372262031128239E-06    1.6543116310164124E-05    6.7429670185175727E-01
      9.7227390965501126E-01    2.5853948247149468E-06    9.9513149427337068E-06    1.5503680393578505E-05    6.8912221047389566E-01
      9.8641595932195902E-01    2.5285425062144004E-06    1.0163357469876182E-05    1.4519906366816389E-05    7.0380602018746419E-01
      1.0007637098380155E+00    2.4712861362723326E-06    1.0372974565571881E-05    1.3589460483470485E-05    7.1832187032085937E-01
      1.0153201531909284E+00    2.4136971484186118E-06    1.0579773888477452E-05    1.2710059537262936E-05    7.3264259148638233E-01
      1.0300883248879082E+00    2.3558451547870140E-06    1.0783349171737517E-05    1.1879472992745986E-05    7.4674004996351173E-01
      1.0450713045886357E+00    2.2977977357424292E-06    1.0983279340364213E-05    1.1095524973236965E-05    7.6058508657799950E-01
      1.0602722167474716E+00    2.2396202705171108E-06    1.1179127608241471E-05    1.0356096126519192E-05    7.7414745416999375E-01
      1.0756942312650144E+00    2.1813758022654005E-06    1.1370440544818707E-05    9.6591253008389186E-06    7.8739575296317210E-01
      1.0913405641491261E+00    2.1231249382341513E-06    1.1556747134871033E-05    9.0026110138932810E-06    8.0029736545373642E-01
      1.1072144781855811E+00    2.0649257819983445E-06    1.1737557840291542E-05    8.3846126878664225E-06    8.1281839144012702E-01
      1.1233192836184660E+00    2.0068339026891451E-06    1.1912363720172071E-05    7.8032516645547569E-06    8.2492358708917679E-01
      1.1396583388404751E+00    1.9489023280775481E-06    1.2080635571024615E-05    7.2567119451229332E-06    8.3657630539699324E-01
      1.1562350510932515E+00    1.8911815685874299E-06    1.2241823158799553E-05    6.7432406921957543E-06    8.4773844300670953E-01
      1.1730528771779078E+00    1.8337196645227835E-06    1.2395354537628240E-05    6.2611484742481404E-06    8.5837039303184515E-01
      1.1901153241758864E+00    1.7765622577955622E-06    1.2540635503788740E-05    5.8088092728591031E-06    8.6843100724378008E-01
      1.2074259501803042E+00    1.7197526835958479E-06    1.2677049201592893E-05    5.3846602541167164E-06    8.7787756877968615E-01
      1.2249883650379345E+00    1.6633320792425073E-06    1.2803955908983661E-05    4.9872013161094837E-06    8.8666577729528018E-01
      1.2428062311019807E+00    1.6073395114858072E-06    1.2920693063702833E-05    4.6149944383175783E-06    8.9474975077692021E-01
      1.2608832639958005E+00    1.5518121188706851E-06    1.3026575564350434E-05    4.2666628436182512E-06    9.0208204638977862E-01
      1.2792232333877376E+00    1.4967852602855792E-06    1.3120896333600275E-05    3.9408899714679637E-06    9.0861369948015847E-01
      1.2978299637772237E+00    1.4422926839590799E-06    1.3202927322524335E-05    3.6364183256933798E-06    9.1429429312431643E-01
      1.3167073352923175E+00    1.3883666960744601E-06    1.3271920856002745E-05    3.3520481608725109E-06    9.1907205129724645E-01
      1.3358592844988388E+00    1.3350383404268816E-06    1.3327111483075492E-05    3.0866360623841955E-06    9.2289396700835391E-01
      1.3552898052212747E+00    1.2823375847089871E-06    1.3367718378180202E-05    2.8390934280594523E-06    9.2570596858564014E-01
      1.3750029493756295E+00    1.2302935090895735E-06    1.3392948336836051E-05    2.6083848613411183E-06    9.2745312712490224E-01
      1.3950028278143809E+00    1.1789344977200823E-06    1.3401999460074175E-05    2.3935264971560695E-06    9.2807991163418779E-01
      1.4152936111837331E+00    1.1282884316771479E-06    1.3394065609788145E-05    2.1935842749080807E-06    9.2753049756397288E-01
      1.4358795307933379E+00    1.0783828829311021E-06    1.3368341735748557E-05    2.0076721740338605E-06    9.2574913569952322E-01
      1.4567648794986612E+00    1.0292453013587616E-06    1.3324030088512780E-05    1.8349504123915748E-06    9.2268058240093076E-01
      1.4779540125961907E+00    9.8090320497324634E-07    1.3260347551197801E-05    1.6746236417772003E-06    9.1827060732370458E-01
      1.4994513487316594E+00    9.3338435605464975E-07    1.3176533996394097E-05    1.5259391216943597E-06    9.1246657212972482E-01
      1.5212613708214826E+00    8.8671693523929458E-07    1.3071861932988032E-05    1.3881849068703844E-06    9.0521809852353863E-01
      1.5433886269875974E+00    8.4092969925569407E-07    1.2945647373481958E-05    1.2606880355465509E-06    8.9647782080734351E-01
      1.5658377315058969E+00    7.9605212664342684E-07    1.2797262085717633E-05    1.1428127383225717E-06    8.8620223430501677E-01
      1.5886133657684622E+00    7.5211454300255570E-07    1.2626147208748740E-05    1.0339586654050618E-06    8.7435263825260012E-01
      1.6117202792597913E+00    7.0914822641460075E-07    1.2431828327336929E-05    9.3355914435862260E-07    8.6089617969753240E-01
      1.6351632905472240E+00    6.6718548109903816E-07    1.2213931875167689E-05    8.4107946226465673E-07    8.4580698941088306E-01
      1.6589472882857768E+00    6.2625968043378400E-07    1.1972202906264671E-05    7.5601518531170142E-07    8.2906741254645500E-01
      1.6830772322375900E+00    5.8640527135157888E-07    1.1706524087724844E-05    6.7789051554399686E-07    8.1066932387557589E-01
      1.7075581543062059E+00    5.4765773095511959E-07    1.1416935671692351E-05    6.0625668440244761E-07    7.9061551083354542E-01
      1.7323951595858889E+00    5.1005347198276572E-07    1.1103656234743463E-05    5.4069039012439679E-07    7.6892110970881034E-01
      1.7575934274262104E+00    4.7362968823397148E-07    1.0767103781104098E-05    4.8079227930817734E-07    7.4561506702731306E-01
      1.7831582125121148E+00    4.3842413110769726E-07    1.0407916684333091E-05    4.2618547382804900E-07    7.2074158975069702E-01
      1.8090948459596996E+00    4.0447481552276980E-07    1.0026973971163230E-05    3.7651415145581071E-07    6.9436154991935573E-01
      1.8354087364279308E+00    3.7181963964896580E-07    9.6254139910411775E-06    3.3144217428461695E-07    6.6655377750616096E-01
      1.8621053712465321E+00    3.4049592360462037E-07    9.2046508192101461E-06    2.9065177925104915E-07    6.3741619631947266E-01
      1.8891903175602747E+00    3.1053985559293686E-07    8.7663871825275490E-06    2.5384232734389175E-07    6.0706671910776322E-01
      1.9166692234899156E+00    2.8198584791250692E-07    8.3126228359680297E-06    2.2072912023359260E-07    5.7564382762710864E-01
      1.9445478193100199E+00    2.5486580449771363E-07    7.8456571286032751E-06    1.9104228967332188E-07    5.4330675033365228E-01
      1.9728319186439149E+00    2.2920830572455293E-07    7.3680844351019753E-06    1.6452576580370117E-07    5.1023514601789344E-01
      2.0015274196760284E+00    2.0503772160618218E-07    6.8827811394240686E-06    1.4093633141521854E-07    4.7662820243381732E-01
      2.0306403063818537E+00    1.8237327129576579E-07    6.3928829731475779E-06    1.2004277015932240E-07    4.4270306699248818E-01
      2.0601766497758134E+00    1.6122804965329834E-07    5.9017515749357061E-06    1.0162511411444135E-07    4.0869253102648190E-01
      2.0901426091772684E+00    1.4160805355702407E-07    5.4129296001502765E-06    8.5473999202207554E-08    3.7484192115925841E-01
      2.1205444334949402E+00    1.2351124319988896E-07    4.9300840080521730E-06    7.1390132744948015E-08    3.4140517197997705E-01
      2.1513884625300257E+00    1.0692668133095897E-07    4.4569377677257801E-06    5.9183876747991062E-08    3.0864009672233811E-01
      2.1826811282982490E+00    9.1833799126131914E-08    3.9971909579275355E-06    4.8674948219734284E-08    2.7680292347943652E-01
      2.2144289563711590E+00    7.8201839581561254E-08    3.5544330249449959E-06    3.9692233861761024E-08    2.4614221911648496E-01
      2.2466385672369280E+00    6.5989530554228626E-08    3.1320488944432612E-06    3.2073712817641408E-08    2.1689238757608259E-01
      2.2793166776809475E+00    5.5145036041281031E-08    2.7331225321609614E-06    2.5666476199819671E-08    1.8926699151794427E-01
      2.3124701021865004E+00    4.5606227169474300E-08    2.3603424019929929E-06    2.0326827152325841E-08    1.6345220535145127E-01
      2.3461057543558130E+00    3.7301302614640003E-08    2.0159139542374251E-06    1.5920440189933306E-08    1.3960075510258532E-01
      2.3802306483517692E+00    3.0149771660743223E-08    1.7014846735705247E-06    1.2322553883843597E-08    1.1782672803402110E-01
      2.4148519003606048E+00    2.4063791840692584E-08    1.4180871832332672E-06    9.4181669785931372E-09    9.8201632646344003E-02
      2.4499767300758655E+00    1.8949830046008579E-08    1.1661054430779328E-06    7.1022060571140577E-09    8.0752057914343728E-02
      2.4856124622039575E+00    1.4710589844971446E-08    9.4526797668701790E-07    5.2796321058640440E-09    6.5459204269320254E-02
      2.5217665279915962E+00    1.1247124288358192E-08    7.5467050123806558E-07    3.8654556433688494E-09    5.2260450702784587E-02
      2.5584464667754703E+00    8.4610327651236196E-09    5.9282824938221054E-07    2.7846345144706959E-09    4.1052978023164842E-02
      2.5956599275544434E+00    6.2566263046373981E-09    4.5775587016320588E-07    1.9718354329394738E-09    3.1699301943468927E-02
      2.6334146705846306E+00    4.5429416468078895E-09    3.4707039093127052E-07    1.3710498129916074E-09    2.4034403128125020E-02
      2.6717185689976737E+00    3.2354900933396778E-09    2.5811048114736872E-07    9.3506494337793633E-10    1.7873986135333111E-02
      2.7105796104425455E+00    2.2576448133899493E-09    1.8806360400725884E-07    6.2480276537734828E-10    1.3023284585902949E-02
      2.7500058987512550E+00    1.5415983125664902E-09    1.3409182524792012E-07    4.0854902418194567E-10    9.2857733428283445E-03
      2.7900056556287565E+00    1.0288569474191588E-09    9.3447208616016731E-08    2.6110402764033813E-10    6.4711595738517003E-03
      2.8305872223674622E+00    6.7027851920326140E-10    6.3568971285209128E-08    1.6289190536893512E-10    4.4021107021240385E-03
      2.8717590615866722E+00    4.2569654052580975E-10    4.2156717206635776E-08    9.9067213570881401E-11    2.9193257690002497E-03
      2.9135297589973188E+00    2.6320605819896873E-10    2.7216828741696085E-08    5.8655850116411353E-11    1.8847480250097192E-03
      2.9559080251923771E+00    1.5820703368952339E-10    1.7082072059062704E-08    3.3761898927522822E-11    1.1829225910904493E-03
      2.9989026974633144E+00    9.2309737799701814E-11    1.0407190310213180E-08    1.8864018786606269E-11    7.2069128880634698E-04
      3.0425227416429612E+00    5.2202372119738546E-11    6.1453337051826441E-09    1.0215569112241172E-11    4.2556043813159043E-04
      3.0867772539751903E+00    2.8566099664760059E-11    3.5113442144057421E-09    5.3531436845238894E-12    2.4315834647891125E-04
      3.1316754630117893E+00    1.5100458786034385E-11    1.9381068785794436E-09    2.7097780530967880E-12    1.3421266475708887E-04
      3.1772267315369200E+00    7.6970957156119681E-12    1.0315194108466485E-09    1.3226839727493274E-12    7.1432061053239927E-05
      3.2234405585195782E+00    3.7760117963266626E-12    5.2837774832806387E-10    6.2136698125326983E-13    3.6589821946990781E-05
      3.2703265810944431E+00    1.7792166953390053E-12    2.5995507769146351E-10    2.8036855262927983E-13    1.8001723269090225E-05
      3.3178945765715486E+00    8.0347736901864278E-13    1.2257415453527698E-10    1.2124385279195297E-13    8.4881819946816752E-06
      3.3661544644751751E+00    3.4694647347344559E-13    5.5263824466665474E-11    5.0134210770949594E-14    3.8269845839335892E-06
      3.4151163086124066E+00    1.4289536138200169E-13    2.3765506932531097E-11    1.9773131810094307E-14    1.6457461917971951E-06
      3.4647903191717733E+00    5.5986789804735034E-14    9.7221472294457979E-12    7.4187121753280405E-15    6.7325249254626384E-07
      3.5151868548524163E+00    2.0809381906716289E-14    3.7729472928963624E-12    2.6405096656921545E-15    2.6127419275185701E-07
      3.5663164250242252E+00    7.3145924881666943E-15    1.3846920728211180E-12    8.8880060546401770E-16    9.5889042557629754E-08
      3.6181896919193948E+00    2.4228299900943205E-15    4.7887714704358666E-13    2.8191797821300145E-16    3.3161936891272196E-08
      3.6708174728558567E+00    7.5339378239744296E-16    1.5547406900352156E-13    8.3947446121347576E-17    1.0766480080234036E-08
      3.7242107424930597E+00    2.1926028419842109E-16    4.7242371781941805E-14    2.3395431231125170E-17    3.2715041035027271E-09
      3.7783806351205445E+00    5.9798978654066938E-17    1.3452603761527663E-14    6.1101303266502544E-18    9.3158422722240859E-10
      3.8333384469798264E+00    1.5312344524494968E-17    3.5966305839456473E-15    1.4982490968190977E-18    2.4906437315366222E-10
      3.8890956386200335E+00    3.6776614195335611E-18    9.0191595644428501E-16    3.4458764467029608E-19    6.2457104527718230E-11
      3.9456638372878250E+00    8.2532957121986292E-19    2.1132783566666055E-16    7.4052715561587672E-20    1.4634317784868272E-11
      4.0030548393520506E+00    1.7186879905587973E-19    4.5946733125638721E-17    1.4767135184885399E-20    3.1817819532195672E-12
      4.0612806127637011E+00    3.2963438221741162E-20    9.2005885226687736E-18    2.7121726843514473E-21    6.3713488487587939E-13
      4.1203532995516206E+00    5.7925895085803640E-21    1.6880226558998466E-18    4.5639745309010101E-22    1.1689449189959645E-13
      4.1802852183545296E+00    9.2629933812827926E-22    2.8182180621312319E-19    6.9888776537963138E-23    1.9515980267426077E-14
      4.2410888669898741E+00    1.3372318949500323E-22    4.2476617269059047E-20    9.6615862671669698E-24    2.9414786442148795E-15
      4.3027769250600452E+00    1.7582321943906392E-23    5.8313371942599982E-21    1.2164760491944335E-24    4.0381638009169259E-16
      4.3653622565964909E+00    2.1310173482058887E-24    7.3790987742095898E-22    1.4118870185367665E-25    5.1099788197353622E-17
      4.4288579127423109E+00    2.3171364325215079E-25    8.3769812671553675E-23    1.4701112157554897E-26    5.8010060792375014E-18
      4.4932771344738507E+00    2.2408094592257656E-26    8.4579773864676558E-24    1.3614106372373971E-27    5.8570953750757847E-19
      4.5586333553618887E+00    1.9262651869934396E-27    7.5911368576298331E-25    1.1206910704414401E-28    5.2568138396217550E-20
      4.6249402043729946E+00    1.4664379527544828E-28    6.0337076217370879E-26    8.1699453795209292E-30    4.1783040307459390E-21
      4.6922115087116181E+00    9.8081035985576681E-30    4.2134175974763840E-27    5.2537306606292576E-31    2.9177648030752656E-22
      4.7604612967035322E+00    5.7508053158099797E-31    2.5792590392145754E-28    2.9962800832442074E-32    1.7861204280205922E-23
      4.8297038007212025E+00    2.9429485983185707E-32    1.3779645306532977E-29    1.4986333785088845E-33    9.5423164554931235E-25
      4.8999534601517238E+00    1.2989939868562274E-33    6.3492452439606897E-31    6.5000712810623536E-35    4.3968118208879635E-26
      4.9712249244079079E+00    4.8297891217985262E-35    2.4594526957685916E-32    2.7949644236624282E-36    1.7031552995934432E-27
