      1.5739455852146610E-03    5.2122987527032955E-02    8.5129983158506770E-10    7.3677348198808461E+07    5.8951970176194575E-05
      1.5968391509250449E-03    5.4272926063561627E-02    9.2565844128511252E-10    7.3463826921719104E+07    6.4101256454353903E-05
      1.6200657112166008E-03    5.6508161018351044E-02    1.0064518050226904E-09    7.3246539370101959E+07    6.9696145343999116E-05
      1.6436301096070438E-03    5.8831860516865224E-02    1.0942301323200088E-09    7.3025433681293875E+07    7.5774738503488854E-05
      1.6675372600646770E-03    6.1247299660390518E-02    1.1895900119107201E-09    7.2800461601933718E+07    8.2378349321982666E-05
      1.6917921480331182E-03    6.3757863692927630E-02    1.2931782589204027E-09    7.2571578486870393E+07    8.9551769334234675E-05
      1.7163998314709326E-03    6.6367051200872121E-02    1.4056960741327667E-09    7.2338743245964676E+07    9.7343556247124512E-05
      1.7413654419063864E-03    6.9078477350282122E-02    1.5279035406964694E-09    7.2101918256901175E+07    1.0580634533373529E-04
      1.7666941855075436E-03    7.1895877126543675E-02    1.6606244839812599E-09    7.1861069218472093E+07    1.1499718597529077E-04
      1.7923913441679267E-03    7.4823108510126260E-02    1.8047517215836251E-09    7.1616164899511218E+07    1.2497790522069673E-04
      1.8184622766079673E-03    7.7864155602463486E-02    1.9612527339993678E-09    7.1367176830622733E+07    1.3581550047699883E-04
      1.8449124194924822E-03    8.1023131695864184E-02    2.1311757873951646E-09    7.1114078957977265E+07    1.4758256350740651E-04
      1.8717472885643974E-03    8.4304282243635217E-02    2.3156565445752999E-09    7.0856847243990034E+07    1.6035773823652120E-04
      1.8989724797949684E-03    8.7711987741781697E-02    2.5159251975023601E-09    7.0595459252419665E+07    1.7422621467284358E-04
      1.9265936705507262E-03    9.1250766443984360E-02    2.7333141631423904E-09    7.0329893677742004E+07    1.8928026184114052E-04
      1.9546166207773997E-03    9.4925276873475128E-02    2.9692663800314217E-09    7.0060129825672030E+07    2.0561980231438351E-04
      1.9830471742010576E-03    9.8740320220230271E-02    3.2253442549084538E-09    6.9786147142416149E+07    2.2335303176237450E-04
      2.0118912595467218E-03    1.0270083855087300E-01    3.5032391676921837E-09    6.9507922045521006E+07    2.4259707716531970E-04
      2.0411548917747052E-03    1.0681193758968881E-01    3.8047825757758083E-09    6.9225441519139484E+07    2.6347876577915974E-04
      2.0708441733349298E-03    1.1107889658492562E-01    4.1319576238634451E-09    6.8938705360409468E+07    2.8613542910933457E-04
      2.1009652954395055E-03    1.1550715324736610E-01    4.4869107612731024E-09    6.8647712808241472E+07    3.1071570740160136E-04
      2.1315245393537866E-03    1.2010230947872436E-01    4.8719649859880966E-09    6.8352464103627071E+07    3.3738046678414538E-04
      2.1625282777062381E-03    1.2487013706276343E-01    5.2896341409885146E-09    6.8052961677715063E+07    3.6630378927941196E-04
      2.1939829758173416E-03    1.2981658378829394E-01    5.7426383663173786E-09    6.7749211271921426E+07    3.9767404284982952E-04
      2.2258951930478298E-03    1.3494777996412294E-01    6.2339207988026397E-09    6.7441222949492246E+07    4.3169503784290248E-04
      2.2582715841665347E-03    1.4027004570236151E-01    6.7666656397370300E-09    6.7129012169567049E+07    4.6858727816651322E-04
      2.2911189007381290E-03    1.4578989917259833E-01    7.3443177140395436E-09    6.6812600957817048E+07    5.0858931574837530E-04
      2.3244439925310563E-03    1.5151406603993969E-01    7.9706036620422749E-09    6.6492019193073586E+07    5.5195921805375049E-04
      2.3582538089459352E-03    1.5744949044293272E-01    8.6495549245488876E-09    6.6167306073003672E+07    5.9897615978608289E-04
      2.3925554004647445E-03    1.6360334764838252E-01    9.3855326930680416E-09    6.5838511700774677E+07    6.4994215067474409E-04
      2.4273559201210856E-03    1.6998300927012322E-01    1.0183252037858136E-08    6.5505679759571359E+07    7.0518370632673751E-04
      2.4626626249918274E-03    1.7659594824732988E-01    1.1047803733389294E-08    6.5168812082511179E+07    7.6505335962601497E-04
      2.4984828777104549E-03    1.8344974042698356E-01    1.1984682962292536E-08    6.4827876545880690E+07    8.2993164846364303E-04
      2.5348241480024213E-03    1.9055208257342324E-01    1.2999821144768638E-08    6.4482819653728783E+07    9.0022931990405767E-04
      2.5716940142428402E-03    1.9791070925865528E-01    1.4099613144072131E-08    6.4133544147593349E+07    9.7638921414747409E-04
      2.6091001650368219E-03    2.0553339727477499E-01    1.5290951861588790E-08    6.3779920183203250E+07    1.0588886602169287E-03
      2.6470504008228308E-03    2.1342800664106304E-01    1.6581268086105446E-08    6.3421805893501535E+07    1.1482422354947887E-03
      2.6855526354993054E-03    2.2160246033625758E-01    1.7978568811857161E-08    6.3059046412811950E+07    1.2450044192230710E-03
      2.7246148980749922E-03    2.3006472006280296E-01    1.9491477611468329E-08    6.2691472701591417E+07    1.3497723883038536E-03
      2.7642453343432599E-03    2.3882275776521442E-01    2.1129277065268705E-08    6.2318900252239540E+07    1.4631889555023396E-03
      2.8044522085807697E-03    2.4788452209969619E-01    2.2901953166235481E-08    6.1941127616542906E+07    1.5859456444607628E-03
      2.8452439052708551E-03    2.5725798349576962E-01    2.4820249791343793E-08    6.1557954937328249E+07    1.7187864618046569E-03
      2.8866289308519676E-03    2.6695116901714866E-01    2.6895726550281426E-08    6.1169196329747573E+07    1.8625119031294389E-03
      2.9286159154915553E-03    2.7697208175203530E-01    2.9140809176383892E-08    6.0774664218129613E+07    2.0179824425405109E-03
      2.9712136148857429E-03    2.8732862657710739E-01    3.1568842449071688E-08    6.0374159118520468E+07    2.1861221974982747E-03
      3.0144309120851863E-03    2.9802860080494425E-01    3.4194152488451062E-08    5.9967475614963301E+07    2.3679232426794890E-03
      3.0582768193474900E-03    3.0907980373746285E-01    3.7032127146384976E-08    5.9554430559596255E+07    2.5644511770076400E-03
      3.1027604800165642E-03    3.2049015022067340E-01    4.0099304577255241E-08    5.9134885543283165E+07    2.7768512571217084E-03
      3.1478911704293172E-03    3.3226759126648886E-01    4.3413445287356721E-08    5.8708729531821415E+07    3.0063533867507462E-03
      3.1936783018500850E-03    3.4441999133009421E-01    4.6993601377912841E-08    5.8275857933800802E+07    3.2542769117485256E-03
      3.2401314224331963E-03    3.5695508191638592E-01    5.0860197922596571E-08    5.7836169125322975E+07    3.5220362554349393E-03
      3.2872602192140820E-03    3.6988041408441402E-01    5.5035118084764414E-08    5.7389561989519686E+07    3.8111468129101503E-03
      3.3350745201293479E-03    3.8320331750808290E-01    5.9541793180913269E-08    5.6935935454845659E+07    4.1232311878915146E-03
      3.3835842960662278E-03    3.9693086185459642E-01    6.4405297371196710E-08    5.6475188954097465E+07    4.4600257499714151E-03
      3.4327996629418562E-03    4.1106981182091168E-01    6.9652445706658048E-08    5.6007222400687113E+07    4.8233874243256009E-03
      3.4827308838127637E-03    4.2562658331785536E-01    7.5311896619281709E-08    5.5531936819361314E+07    5.2153007890838408E-03
      3.5333883710150786E-03    4.4060714182975852E-01    8.1414247965655914E-08    5.5049228103602462E+07    5.6378847262922964E-03
      3.5847826883358444E-03    4.5601683405261717E-01    8.7992121746118938E-08    5.4558974885488093E+07    6.0933982886603377E-03
      3.6369245532159255E-03    4.7186042844402493E-01    9.5080288871097009E-08    5.4061054113378555E+07    6.5842493395498443E-03
      3.6898248389849544E-03    4.8814245274996848E-01    1.0271586403709220E-07    5.3555386284480289E+07    7.1130080480130212E-03
      3.7434945771287849E-03    5.0486724333101252E-01    1.1093846150069742E-07    5.3041939547947511E+07    7.6824176760435540E-03
      3.7979449595899272E-03    5.2203849195891738E-01    1.1979024703703433E-07    5.2520681659523062E+07    8.2953981766652769E-03
      3.8531873411014423E-03    5.3965877731532519E-01    1.2931596806597151E-07    5.1991541975356475E+07    8.9550482801535689E-03
      3.9092332415547890E-03    5.5772983542697863E-01    1.3956314636257586E-07    5.1454451812855259E+07    9.6646588391111413E-03
      3.9660943484021056E-03    5.7625306197612447E-01    1.5058235108160397E-07    5.0909396592799686E+07    1.0427731735239884E-02
      4.0237825190934332E-03    5.9522959379925466E-01    1.6242739778383287E-07    5.0356419661184244E+07    1.1247993661787265E-02
      4.0823097835494000E-03    6.1465937511930246E-01    1.7515527113419753E-07    4.9795542037124351E+07    1.2129390770441693E-02
      4.1416883466698562E-03    6.3454074749823564E-01    1.8882614815814265E-07    4.9226742180400163E+07    1.3076090281820021E-02
      4.2019305908790076E-03    6.5487114809363423E-01    2.0350373242239887E-07    4.8650024302456141E+07    1.4092503627273092E-02
      4.2630490787075696E-03    6.7564715923947360E-01    2.1925543520460396E-07    4.8065424802275740E+07    1.5183298994766413E-02
      4.3250565554124728E-03    6.9686445626948668E-01    2.3615253136638196E-07    4.7473010013227977E+07    1.6353412122991424E-02
      4.3879659516346762E-03    7.1851774167278426E-01    2.5427031075665683E-07    4.6872873309661083E+07    1.7608056785948376E-02
      4.4517903860956526E-03    7.4060092372700947E-01    2.7368831890285136E-07    4.6265147921432823E+07    1.8952741460658281E-02
      4.5165431683330615E-03    7.6310793817499711E-01    2.9449086744145277E-07    4.5650054696228459E+07    2.0393304674153907E-02
      4.5822378014762502E-03    7.8603400517732103E-01    3.1676780861545979E-07    4.5027962006659225E+07    2.1935968636933832E-02
      4.6488879850621039E-03    8.0937601428023676E-01    3.4061508880847380E-07    4.4399380600864798E+07    2.3587377574845074E-02
      4.7165076178918618E-03    8.3313103652777942E-01    3.6613455131092600E-07    4.3764857651946619E+07    2.5354584070770177E-02
      4.7851108009294811E-03    8.5729496892983315E-01    3.9343366910125714E-07    4.3124900601215899E+07    2.7245030559894388E-02
      4.8547118402421626E-03    8.8186230314083447E-01    4.2262566886127022E-07    4.2479973343824267E+07    2.9266557917689718E-02
      4.9253252499836470E-03    9.0682588831733879E-01    4.5382962626867594E-07    4.1830493914094828E+07    3.1427412058862902E-02
      4.9969657554209020E-03    9.3217668589970237E-01    4.8717052533103719E-07    4.1176833346696720E+07    3.3736248046193205E-02
      5.0696482960048347E-03    9.5790420993828718E-01    5.2277965582138531E-07    4.0519344882519253E+07    3.6202157612695282E-02
      5.1433880284856718E-03    9.8399715701173185E-01    5.6079516823169415E-07    3.9858394567624047E+07    3.8834707591793145E-02
      5.2182003300736447E-03    1.0104425177834320E+00    6.0136181298376708E-07    3.9194325586772129E+07    4.1643921857840500E-02
      5.2941008016456625E-03    1.0372236770470462E+00    6.4462991797510850E-07    3.8527393703567907E+07    4.4640210521824722E-02
      5.3711052709986117E-03    1.0643184665870891E+00    6.9075400909811093E-07    3.7857717983303159E+07    4.7834274403200698E-02
      5.4492297961499844E-03    1.0916991724109877E+00    7.3989238035842241E-07    3.7185312923505284E+07    5.1237075260862082E-02
      5.5284906686865155E-03    1.1193338835479276E+00    7.9220751036445249E-07    3.6510159924934208E+07    5.4859864634773811E-02
      5.6089044171615358E-03    1.1471862613518449E+00    8.4786546037098850E-07    3.5832214337368831E+07    5.8714142160876628E-02
      5.6904878105417060E-03    1.1752149620137331E+00    9.0703487924504711E-07    3.5151401664131865E+07    6.2811586665607169E-02
      5.7732578617039308E-03    1.2033739079814811E+00    9.6988647223171462E-07    3.4467640236614957E+07    6.7164019378271336E-02
      5.8572318309831062E-03    1.2316125287882944E+00    1.0365923726973415E-06    3.3780858620509721E+07    7.1783360424661380E-02
      5.9424272297714797E-03    1.2598756401759099E+00    1.1073251188759445E-06    3.3090999875153027E+07    7.6681557967397146E-02
      6.0288618241703673E-03    1.2881032711413873E+00    1.1822564133102358E-06    3.2398023752208032E+07    8.1870502298008796E-02
      6.1165536386949756E-03    1.3162306551958685E+00    1.2615558407863223E-06    3.1701912502611510E+07    8.7361937054732830E-02
      6.2055209600331233E-03    1.3441888688965085E+00    1.3453900541036618E-06    3.1002690276135802E+07    9.3167402837600985E-02
      6.2957823408586293E-03    1.3719054275116711E+00    1.4339218810595716E-06    3.0300436607441355E+07    9.9298175367687272E-02
      6.3873566037001648E-03    1.3993034503737165E+00    1.5273078318213745E-06    2.9595265639684949E+07    1.0576509287421947E-01
      6.4802628448663866E-03    1.4263015712735807E+00    1.6256960347738192E-06    2.8887324721999861E+07    1.1257841315332996E-01
      6.5745204384281587E-03    1.4528165938025133E+00    1.7292271622392074E-06    2.8176846081394874E+07    1.1974787767358397E-01
      6.6701490402586907E-03    1.4787665919728015E+00    1.8380364658501526E-06    2.7464193088427749E+07    1.2728285252424443E-01
      6.7671685921324564E-03    1.5040695582156269E+00    1.9522508186568669E-06    2.6749813589529827E+07    1.3519212358308869E-01
      6.8655993258837133E-03    1.5286378202085582E+00    2.0719794722997572E-06    2.6034129697847031E+07    1.4348325645650839E-01
      6.9654617676255283E-03    1.5523758256585161E+00    2.1973074396804191E-06    2.5317508248185270E+07    1.5216213823369756E-01
      7.0667767420301572E-03    1.5751814114607661E+00    2.3282927554877507E-06    2.4600293717425235E+07    1.6123278777983416E-01
      7.1695653766716888E-03    1.5969439618222001E+00    2.4649588665233340E-06    2.3882787596974965E+07    1.7069682877096773E-01
      7.2738491064318388E-03    1.6175444100166378E+00    2.6072887877457487E-06    2.3165259950134784E+07    1.8055308500381706E-01
      7.3796496779698975E-03    1.6368587206618326E+00    2.7552243906720500E-06    2.2448006873894017E+07    1.9079753111802636E-01
      7.4869891542575584E-03    1.6547599947741567E+00    2.9086641167527404E-06    2.1731376111388877E+07    2.0142313424884106E-01
      7.5958899191798414E-03    1.6711301426686858E+00    3.0674787414207252E-06    2.1015905816012803E+07    2.1242094567743997E-01
      7.7063746822028725E-03    1.6858765103536044E+00    3.2315415927748602E-06    2.0302486274141766E+07    2.2378219345549025E-01
      7.8184664831095659E-03    1.6989213540047714E+00    3.4007126343667722E-06    1.9592162143465586E+07    2.3549718014829049E-01
      7.9321886968041957E-03    1.7101843776906851E+00    3.5748039155857453E-06    1.8885898504404187E+07    2.4755289029596819E-01
      8.0475650381868526E-03    1.7196117791985868E+00    3.7536375800734419E-06    1.8184893129835509E+07    2.5993700745918741E-01
      8.1646195670987860E-03    1.7271210656767189E+00    3.9369259836075448E-06    1.7489957265439749E+07    2.7262961245908046E-01
      8.2833766933396984E-03    1.7326005281118548E+00    4.1242538069089654E-06    1.6801576540839996E+07    2.8560194470055966E-01
      8.4038611817580013E-03    1.7359357984609320E+00    4.3151210354565403E-06    1.6120216745782161E+07    2.9881937849706236E-01
      8.5260981574151254E-03    1.7370276137793330E+00    4.5089804490998619E-06    1.5446481386002902E+07    3.1224401920231981E-01
      8.6501131108249318E-03    1.7357766366899108E+00    4.7051955692999350E-06    1.4780948596415631E+07    3.2583179108360349E-01
      8.7759319032693454E-03    1.7320756138051308E+00    4.9030101513312631E-06    1.4124105102058662E+07    3.3953032467618527E-01
      8.9035807721912965E-03    1.7258183695182379E+00    5.1015602756039578E-06    1.3476428328882188E+07    3.5327979409967830E-01
      9.0330863366661143E-03    1.7169036052626341E+00    5.2998760917257442E-06    1.2838410460621189E+07    3.6701303783321820E-01
      9.1644756029524918E-03    1.7052380512608571E+00    5.4968838541456151E-06    1.2210571310964128E+07    3.8065569968248758E-01
      9.2977759701242009E-03    1.6907389754026267E+00    5.6914079960461904E-06    1.1593462423700266E+07    3.9412637239543835E-01
      9.4330152357837167E-03    1.6733358161476755E+00    5.8821721895672241E-06    1.0987662892565377E+07    4.0733667108209326E-01
      9.5702216018589466E-03    1.6529688676642764E+00    6.0677911171987652E-06    1.0393756043487571E+07    4.2019066338877259E-01
      9.7094236804843095E-03    1.6295933519220598E+00    6.2467821657473470E-06    9.8123428544868082E+06    4.3258567929779124E-01
      9.8506504999672766E-03    1.6031879645133311E+00    6.4175989628513753E-06    9.2440766822893023E+06    4.4441463350975208E-01
      9.9939315108417866E-03    1.5734096677428373E+00    6.5771857790675709E-06    8.6877343982538655E+06    4.5546591871037750E-01
      1.0139296592009652E-02    1.5397176391182377E+00    6.7212319861543166E-06    8.1412563743130155E+06    4.6544102664427739E-01
      1.0286776056971326E-02    1.5024546721665701E+00    6.8488788753025723E-06    7.6074192283555716E+06    4.7428049227431374E-01
      1.0436400660147272E-02    1.4622398036330801E+00    6.9606035076288661E-06    7.0899014467510525E+06    4.8201735177842353E-01
      1.0588201603291308E-02    1.4192560950279129E+00    7.0550344291541393E-06    6.5897356025223359E+06    4.8855663284359568E-01
      1.0742210541997204E-02    1.3737241687550090E+00    7.1309582784853410E-06    6.1079065853217123E+06    4.9381431096753131E-01
      1.0898459592299951E-02    1.3258947322174421E+00    7.1873248124652892E-06    5.6453063910737820E+06    4.9771765748168995E-01
      1.1056981337373022E-02    1.2759842580377718E+00    7.2229269965775342E-06    5.2024679596711127E+06    5.0018308601594030E-01
      1.1217808834323061E-02    1.2242245911521881E+00    7.2366664137463094E-06    4.7798120742343329E+06    5.0113453188861701E-01
      1.1380975621083403E-02    1.1709250570736418E+00    7.2279646583320467E-06    4.3778859964122307E+06    5.0053194087822406E-01
      1.1546515723407853E-02    1.1164006679518874E+00    7.1964173037162900E-06    3.9970636233324986E+06    4.9834730669947291E-01
      1.1714463661966204E-02    1.0609547782949076E+00    7.1417118902244437E-06    3.6375039359574644E+06    4.9455899171925843E-01
      1.1884854459542953E-02    1.0049108728305334E+00    7.0638602409389081E-06    3.2992845193367908E+06    4.8916781467849346E-01
      1.2057723648340726E-02    9.4861066128906213E-01    6.9632434251655653E-06    2.9823997252961276E+06    4.8220016438347396E-01
      1.2233107277389941E-02    8.9239612445920358E-01    6.8405370756817903E-06    2.6867122171555450E+06    4.7370282797295415E-01
      1.2411041920066238E-02    8.3660050312700707E-01    6.6966799222059167E-06    2.4119440061089518E+06    4.6374081188098398E-01
      1.2591564681717236E-02    7.8156336292556094E-01    6.5330284400705898E-06    2.1577390338029796E+06    4.5240805115886723E-01
      1.2774713207400307E-02    7.2763827936776626E-01    6.3514788111805802E-06    1.9236935492566687E+06    4.3983585519367452E-01
      1.2960525689732752E-02    6.7509156330545139E-01    6.1536236455562414E-06    1.7091046521172775E+06    4.2613451121317059E-01
      1.3149040876856297E-02    6.2418433321579170E-01    5.9414179357854002E-06    1.5132283350893040E+06    4.1143940120670430E-01
      1.3340298080517361E-02    5.7515561830871420E-01    5.7170458910351012E-06    1.3352500187378742E+06    3.9590178026548639E-01
      1.3534337184264889E-02    5.2821142020738265E-01    5.4828111039221957E-06    1.1742772258461346E+06    3.7968117070845575E-01
      1.3731198651767402E-02    4.8352029398138591E-01    5.2410647321461649E-06    1.0293502717451688E+06    3.6294038870617518E-01
      1.3930923535251034E-02    4.4121109023545785E-01    4.9941399774288407E-06    8.9945724092685571E+05    3.4584100698921161E-01
      1.4133553484060292E-02    4.0137210761906300E-01    4.7442887854376212E-06    7.8355036327644484E+05    3.2853897135820703E-01
      1.4339130753343353E-02    3.6405231247437159E-01    4.4936322768269517E-06    6.8056427314238122E+05    3.1118116806512763E-01
      1.4547698212863678E-02    3.2926465073267497E-01    4.2441315068392312E-06    5.8943522503768327E+05    2.9390339893428308E-01
      1.4759299355939797E-02    2.9699064222299920E-01    3.9975754470556162E-06    5.0911907469084999E+05    2.7682954910623775E-01
      1.4973978308515117E-02    2.6704412349978451E-01    3.7535799295063439E-06    4.3837447004680283E+05    2.5993301519419909E-01
      1.5191779838359684E-02    2.3918062415898786E-01    3.5107207034653780E-06    3.7598788254107093E+05    2.4311516874411429E-01
      1.5412749364405745E-02    2.1350873529024625E-01    3.2726273865866485E-06    3.2140240855559718E+05    2.2662735846268639E-01
      1.5636932966219132E-02    1.9021098941710471E-01    3.0445871524191382E-06    2.7419195548283705E+05    2.1083571774476839E-01
      1.5864377393608395E-02    1.6924575283541921E-01    2.8289358043819665E-06    2.3362671826848265E+05    1.9590199948680453E-01
      1.6095130076373705E-02    1.5033573560372077E-01    2.6240893640646726E-06    1.9872503481738013E+05    1.8171651419450771E-01
      1.6329239134197544E-02    1.3326207072030527E-01    2.4290383342346399E-06    1.6868735842563579E+05    1.6820935482861618E-01
      1.6566753386679369E-02    1.1795615316094742E-01    2.2452321021310905E-06    1.4298227603829652E+05    1.5548089053068290E-01
      1.6807722363515975E-02    1.0432950579484611E-01    2.0737722553366581E-06    1.2110285471705897E+05    1.4360740553795129E-01
      1.7052196314830223E-02    9.2185099758220007E-02    1.9134938881555282E-06    1.0246925669074908E+05    1.3250823087423944E-01
      1.7300226221649832E-02    8.1350833309804402E-02    1.7633592739504539E-06    8.6592541633181245E+04    1.2211150463202637E-01
      1.7551863806538660E-02    7.1703914404351907E-02    1.6230588822880699E-06    7.3088150367408933E+04    1.1239579202629356E-01
      1.7807161544382562E-02    6.3132268485418447E-02    1.4922981334461136E-06    6.1622757245956775E+04    1.0334069359922711E-01
      1.8066172673332201E-02    5.5530423719574125E-02    1.3707179543113598E-06    5.1904659249569391E+04    9.4921343766838251E-02
      1.8328951205904956E-02    4.8797584716764195E-02    1.2578485542937239E-06    4.3677654532332221E+04    8.7105209830507568E-02
      1.8595551940248371E-02    4.2839853387632520E-02    1.1531635293855552E-06    3.6719316058831275E+04    7.9855838648570640E-02
      1.8866030471567402E-02    3.7573336715738072E-02    1.0561742922294829E-06    3.0839831550655450E+04    7.3139395858266523E-02
      1.9140443203717876E-02    3.2922678779680678E-02    9.6641551025935568E-07    2.5876946189679315E+04    6.6923657476288784E-02
      1.9418847360968602E-02    2.8819721367763191E-02    8.8342843886863421E-07    2.1691683595307029E+04    6.1176855731330748E-02
      1.9701300999934536E-02    2.5203115074760529E-02    8.0676797312283621E-07    1.8165331634582821E+04    5.5868167390673108E-02
      1.9987863021683556E-02    2.1588806879310078E-02    7.2156179371221453E-07    1.4900586921817503E+04    4.9967693831210747E-02
      2.0278593184019290E-02    1.7733496968426330E-02    6.1885514134975221E-07    1.1720732227544861E+04    4.2855323685788455E-02
      2.0573552113942635E-02    1.4364930497443321E-02    5.2352164067019744E-07    9.0917924600894949E+03    3.6253539590061494E-02
      2.0872801320294510E-02    1.1815581956836853E-02    4.4970149243467753E-07    7.1612152296981421E+03    3.1141541424762005E-02
      2.1176403206582577E-02    9.8521492415911786E-03    3.9159197747444549E-07    5.7180535322450687E+03    2.7117494589805689E-02
      2.1484421083994374E-02    8.3134399372971294E-03    3.4507664545464745E-07    4.6204430713438405E+03    2.3896337525952910E-02
      2.1796919184599865E-02    7.0892942874380598E-03    3.0730341140000468E-07    3.7730407038183012E+03    2.1280565168402290E-02
      2.2113962674746006E-02    6.1003736373111553E-03    2.7615204434336312E-07    3.1090703304345116E+03    1.9123352875464919E-02
      2.2435617668646084E-02    5.2912735481302538E-03    2.5013719251073431E-07    2.5823788151513245E+03    1.7321840984501971E-02
      2.2761951242166768E-02    4.6234424856895478E-03    2.2824906441801967E-07    2.1607813402575116E+03    1.5806102079524282E-02
      2.3093031446815668E-02    4.0675790434485676E-03    2.0970274323704853E-07    1.8204006742741790E+03    1.4521781170987274E-02
      2.3428927323932369E-02    3.6009495854545559E-03    1.9386920348489009E-07    1.5432406449177347E+03    1.3425318645539726E-02
      2.3769708919085863E-02    3.2060192522342891E-03    1.8025227169269425E-07    1.3157348046447255E+03    1.2482354807040965E-02
      2.4115447296681414E-02    2.8692325802280455E-03    1.6846221117514594E-07    1.1275962320851629E+03    1.1665900638699475E-02
      2.4466214554779844E-02    2.5801247097615868E-03    1.5819728009441067E-07    9.7098872203505323E+02    1.0955060710767774E-02
      2.4822083840132431E-02    2.3304994459832570E-03    1.4922047314378284E-07    8.3986235798469113E+02    1.0333422556974732E-02
      2.5183129363434451E-02    2.0854757483117882E-03    1.3943270198790157E-07    7.1969731432549247E+02    9.6556256493933283E-03
      2.5549426414800593E-02    1.8578589369374970E-03    1.2971854363331813E-07    6.1396427211074683E+02    8.9829263813340811E-03
      2.5921051379465480E-02    1.6655788644622087E-03    1.2144426085155791E-07    5.2708564668298129E+02    8.4099375779984782E-03
      2.6298081753712545E-02    1.5025305762536799E-03    1.1440880300302073E-07    4.5532860273247093E+02    7.9227366108720176E-03
      2.6680596161034676E-02    1.3628568808285398E-03    1.0836985758253608E-07    3.9549180642068444E+02    7.5045434935760661E-03
      2.7068674368529735E-02    1.2421451341899925E-03    1.0314595950736579E-07    3.4517966823355539E+02    7.1427918849125017E-03
      2.7462397303534763E-02    1.1371580534249755E-03    9.8610186292182249E-08    3.0260724469076035E+02    6.8286924837536725E-03
      2.7861847070502020E-02    1.0453591193172417E-03    9.4664485266193265E-08    2.6638491474031741E+02    6.5554552052084821E-03
      2.8267106968120535E-02    9.6465468350557420E-04    9.1224937932320292E-08    2.3539737607231078E+02    6.3172687468973747E-03
      2.8678261506686658E-02    8.9333905275773041E-04    8.8222171597661464E-08    2.0875250007942458E+02    6.1093290940992659E-03
      2.9095396425727307E-02    8.3002823001861181E-04    8.5599979370613021E-08    1.8573504453787285E+02    5.9277439554326879E-03
      2.9518598711879541E-02    7.7358863429541542E-04    8.3312456671445226E-08    1.6576647278170418E+02    5.7693344680401926E-03
      2.9947956617030185E-02    7.1902690006773833E-04    8.0863473010908708E-08    1.4754258216566134E+02    5.5997439120910337E-03
      3.0383559676719317E-02    6.6475141923677354E-04    7.8067956422572026E-08    1.3062224386582747E+02    5.4061561719926576E-03
      3.0825498728811435E-02    6.1818804558215631E-04    7.5816489507253829E-08    1.1632259830042048E+02    5.2502435246268115E-03
      3.1273865932438208E-02    5.7734289460978675E-04    7.3942400750594643E-08    1.0403104057124570E+02    5.1204640739667484E-03
      3.1728754787216734E-02    5.3975991534538196E-04    7.2189832641974912E-08    9.3135525975092662E+01    4.9990998506487085E-03
      3.2190260152747362E-02    5.0499699109813039E-04    7.0530939758522493E-08    8.3442855615498672E+01    4.8842225769052143E-03
      3.2658478268395096E-02    4.7277474032129789E-04    6.8954167723603578E-08    7.4806658830317673E+01    4.7750321195264983E-03
      3.3133506773358738E-02    4.4287907565227473E-04    6.7453858444417426E-08    6.7105293523874778E+01    4.6711366591961831E-03
      3.3615444727031950E-02    4.1513369649504614E-04    6.6027527437265809E-08    6.0234488977707592E+01    4.5723641470033615E-03
      3.4104392629660446E-02    3.8937921099669860E-04    6.4673335290239119E-08    5.4102287715570412E+01    4.4785872048469042E-03
      3.4600452443299609E-02    3.6546942651588191E-04    6.3389750705374052E-08    4.8627231651567968E+01    4.3896997913198798E-03
      3.5103727613077257E-02    3.4327009142634730E-04    6.2175530662429914E-08    4.3737110217793635E+01    4.3056158280637118E-03
      3.5614323088765068E-02    3.2265737806934944E-04    6.1029628933088529E-08    3.9367818073448390E+01    4.2262628644349001E-03
      3.6132345346664339E-02    3.0351663084377548E-04    5.9951115393041987E-08    3.5462378650486208E+01    4.1515764899185768E-03
      3.6657902411809849E-02    2.8574142408482189E-04    5.8939124014226596E-08    3.1970115117361757E+01    4.0814967326238873E-03
      3.7191103880496679E-02    2.6923285916091825E-04    5.7992827304876992E-08    2.8845939199124778E+01    4.0159662892740536E-03
      3.7732060943134742E-02    2.5389890806746688E-04    5.7111405264769239E-08    2.6049721159101694E+01    3.9549283753767565E-03
      3.8280886407435689E-02    2.3965387503733991E-04    5.6294025700189429E-08    2.3545739055705777E+01    3.8983253620482792E-03
      3.8837694721937141E-02    2.2641798073531254E-04    5.5539842357730782E-08    2.1302197615503481E+01    3.8460986467801443E-03
      3.9402601999869016E-02    2.1411704919591896E-04    5.4848012480701997E-08    1.9290805897031973E+01    3.7981898692091877E-03
      3.9975726043367042E-02    2.0386787860010903E-04    5.4537169594374968E-08    1.7588692271357004E+01    3.7766641976604066E-03
      4.0557186368038511E-02    1.9668507407201541E-04    5.4947895711190839E-08    1.6249566360609776E+01    3.8051067191913106E-03
      4.1147104227885201E-02    1.9099835458399094E-04    5.5721435713667818E-08    1.5110736181470706E+01    3.8586738708154440E-03
      4.1745602640588991E-02    1.8535774629915448E-04    5.6469922128698057E-08    1.4042756427371458E+01    3.9105060774940140E-03
      4.2352806413165120E-02    1.7981887695401030E-04    5.7207853579337973E-08    1.3045554062845669E+01    3.9616073596230161E-03
      4.2968842167988713E-02    1.7439199121261636E-04    5.7937649136912212E-08    1.2115446096525346E+01    4.0121452363482231E-03
      4.3593838369199694E-02    1.6907979630012484E-04    5.8659725529716385E-08    1.1248386083437236E+01    4.0621485658382190E-03
      4.4227925349491944E-02    1.6388310477449087E-04    5.9374023434842426E-08    1.0440428099303286E+01    4.1116132400194697E-03
      4.4871235337292092E-02    1.5880179905658912E-04    6.0080246267966362E-08    9.6878000627222960E+00    4.1605187206167705E-03
      4.5523902484333460E-02    1.5383529146176497E-04    6.0777979095266027E-08    8.9869298767237957E+00    4.2088362737276825E-03
      4.6186062893631252E-02    1.4898273457409359E-04    6.1466744106297885E-08    8.3344499140932111E+00    4.2565328112838504E-03
      4.6857854647864655E-02    1.4424315313429258E-04    6.2146040825762394E-08    7.7271942922742145E+00    4.3035736756901026E-03
      4.7539417838171651E-02    1.3961552675795274E-04    6.2815376766882188E-08    7.1621921677570644E+00    4.3499247625513318E-03
      4.8230894593362737E-02    1.3509883281919027E-04    6.3474288145837649E-08    6.6366585222028043E+00    4.3955539551339406E-03
      4.8932429109559597E-02    1.3069206739097110E-04    6.4122355029278674E-08    6.1479840013143221E+00    4.4404321733213679E-03
      4.9644167680264778E-02    1.2639425489566861E-04    6.4759213830684758E-08    5.6937246399779440E+00    4.4845342389790493E-03
      5.0366258726868826E-02    1.2324524736054163E-04    6.5945014771800431E-08    5.3164891512503374E+00    4.5666501975660445E-03
      5.1098852829601096E-02    1.2097802147552942E-04    6.7597739960616810E-08    4.9974315474038749E+00    4.6811003623912122E-03
      5.1842102758930877E-02    1.1873453517872534E-04    6.9281469555331930E-08    4.6968107150009359E+00    4.7976975625428995E-03
      5.2596163507424999E-02    1.1652977999518265E-04    7.1005393537510752E-08    4.4141649045691755E+00    4.9170781983809289E-03
      5.3361192322069262E-02    1.1436577287444032E-04    7.2772096638153526E-08    4.1485212738655566E+00    5.0394212608779127E-03
      5.4137348737059374E-02    1.1224371940822475E-04    7.4583935953978563E-08    3.8989254113909366E+00    5.1648899774776776E-03
      5.4924794607069428E-02    1.1016451164664580E-04    7.6443298125264567E-08    3.6644619487688650E+00    5.2936496214967578E-03
      5.5723694141003942E-02    1.0812887164347995E-04    7.8352679009420767E-08    3.4442589777816450E+00    5.4258730294682945E-03
      5.6534213936240973E-02    1.0613738175013387E-04    8.0314701210813347E-08    3.2374876723207717E+00    5.5617418150713241E-03
      5.7356523013373226E-02    1.0419049180714053E-04    8.2332117679436388E-08    3.0433609700179023E+00    5.7014466183364530E-03
      5.8190792851454523E-02    1.0228851983590030E-04    8.4407810116737270E-08    2.8611320224325896E+00    5.8451869952502785E-03
      5.9037197423758986E-02    1.0043166076411329E-04    8.6544793067265654E-08    2.6900928708122915E+00    5.9931717010994739E-03
      5.9895913234060266E-02    9.8527971481583235E-05    8.8662918565169008E-08    2.5272127034759997E+00    6.1398505403861443E-03
      6.0767119353438530E-02    9.6444043451023799E-05    9.0629174387620507E-08    2.3688812461524966E+00    6.2760125015462968E-03
      6.1650997457622772E-02    9.4281649911440814E-05    9.2519615477215018E-08    2.2175870611145241E+00    6.4069243408287312E-03
      6.2547731864876319E-02    9.2143520505184393E-05    9.4424657561811344E-08    2.0754101266221863E+00    6.5388472896990620E-03
      6.3457509574433357E-02    9.0028602807115028E-05    9.6341875115924519E-08    1.9418034381726090E+00    6.6716133820650305E-03
      6.4380520305494612E-02    8.7937320239616761E-05    9.8270185605607701E-08    1.8162833752761940E+00    6.8051476531415158E-03
      6.5316956536790066E-02    8.5870207152353474E-05    1.0020860678127750E-07    1.6983942727591153E+00    6.9393820827715778E-03
      6.6267013546717365E-02    8.3827881230712936E-05    1.0215625615180566E-07    1.5877061270016362E+00    7.0742555590076498E-03
      6.7230889454063789E-02    8.1811019954709468E-05    1.0411235127924076E-07    1.4838126311242110E+00    7.2097138985208189E-03
      6.8208785259320712E-02    7.9820350360676728E-05    1.0607622378806685E-07    1.3863296494813437E+00    7.3457108167330528E-03
      6.9200904886599163E-02    7.7856643312012298E-05    1.0804733945142224E-07    1.2948938937379961E+00    7.4822093187750394E-03
      7.0207455226154472E-02    7.6117431299743360E-05    1.1031230230185882E-07    1.2122948391815198E+00    7.6390565510369235E-03
      7.1228646177530081E-02    7.4656661242812145E-05    1.1298628443341061E-07    1.1386187243587700E+00    7.8242281075464656E-03
      7.2264690693328623E-02    7.3285558818770623E-05    1.1582164413708717E-07    1.0703203598839175E+00    8.0205749579607341E-03
      7.3315804823619629E-02    7.1929271881289138E-05    1.1871105566056297E-07    1.0059738055647651E+00    8.2206648624090200E-03
      7.4382207760993302E-02    7.0588477074415721E-05    1.2165599036742739E-07    9.4536701621106722E-01    8.4245997118811058E-03
      7.5464121886269414E-02    6.9263325240871647E-05    1.2465715411939232E-07    8.8829168408508163E-01    8.6324283868501692E-03
      7.6561772814871323E-02    6.7953900196856908E-05    1.2771515716468797E-07    8.3454982816539280E-01    8.8441931466167953E-03
      7.7675389443874143E-02    6.6660258040975430E-05    1.3083056841912764E-07    7.8395385454686295E-01    9.0599333882380641E-03
      7.8805203999737894E-02    6.5382439964260450E-05    1.3400393291149248E-07    7.3632620753544176E-01    9.2796868546093231E-03
      7.9951452086733946E-02    6.4120473839182968E-05    1.3723577109058902E-07    6.9149888299910223E-01    9.5034895864783558E-03
      8.1114372736076884E-02    6.2874374702215688E-05    1.4052657606262977E-07    6.4931294921966409E-01    9.7313757311357618E-03
      8.2294208455770262E-02    6.1644150422002038E-05    1.4387682281332207E-07    6.0961814055061425E-01    9.9633781810387120E-03
      8.3491205281177844E-02    6.0429811209914150E-05    1.4728698971580335E-07    5.7227249515869860E-01    1.0199530063221756E-02
      8.4705612826330101E-02    5.9231371598822455E-05    1.5075756676327700E-07    5.3714192406963368E-01    1.0439865309401596E-02
      8.5937684335977288E-02    5.8048837840793120E-05    1.5428902688381199E-07    5.0409967290917346E-01    1.0684416669545258E-02
      8.7187676738399250E-02    5.6882199934953530E-05    1.5788180222947860E-07    4.7302587309713434E-01    1.0933214069907882E-02
      8.8455850698983818E-02    5.5731446193702617E-05    1.6153631960371693E-07    4.4380730830689624E-01    1.1186287066355379E-02
      8.9742470674584116E-02    5.4596578023993860E-05    1.6525304656788134E-07    4.1633716931065334E-01    1.1443668037213217E-02
      9.1047804968666851E-02    5.3477606573907411E-05    1.6903249240550647E-07    3.9051466643967647E-01    1.1705392250041228E-02
      9.2372125787262435E-02    5.2374545721585736E-05    1.7287519589132010E-07    3.6624464349662700E-01    1.1971497014645551E-02
      9.3715709295729227E-02    5.1287408361157144E-05    1.7678171970599512E-07    3.4343724515030116E-01    1.2242021296303772E-02
      9.5078835676343218E-02    5.0216205186733701E-05    1.8075265132648208E-07    3.2200762321589832E-01    1.2517005777419887E-02
      9.6461789186725405E-02    4.9160945376904917E-05    1.8478861046848933E-07    3.0187567157949485E-01    1.2796493372911295E-02
      9.7864858219119125E-02    4.8121637341978200E-05    1.8889025794890758E-07    2.8296577443610488E-01    1.3080529843926053E-02
      9.9288335360529487E-02    4.7098288226023535E-05    1.9305830082463023E-07    2.6520655981817365E-01    1.3369164153702899E-02
      1.0073251745373747E-01    4.6268401379510837E-05    1.9805849064662685E-07    2.4948776854277610E-01    1.3715424108568403E-02
      1.0219770565920203E-01    4.5615364492748107E-05    2.0390798936716296E-07    2.3553830148447391E-01    1.4120498162766984E-02
      1.0368420551786159E-01    4.4964107377492191E-05    2.0989553874060337E-07    2.2233200833604150E-01    1.4535132136597718E-02
      1.0519232701484992E-01    4.4315078605268506E-05    2.1602444324588580E-07    2.0983269762747070E-01    1.4959554863118663E-02
      1.0672238464413843E-01    4.3668430504750388E-05    2.2229673831785073E-07    1.9800440331934888E-01    1.5393907294893833E-02
      1.0827469747411866E-01    4.3024269753405567E-05    2.2871421060246898E-07    1.8681270044829507E-01    1.5838313156016765E-02
      1.0984958921413877E-01    4.2382689537153465E-05    2.3527852317625291E-07    1.7622480095216800E-01    1.6292887613474839E-02
      1.1144738828200780E-01    4.1743780167171436E-05    2.4199125702189778E-07    1.6620952783242451E-01    1.6757740149310967E-02
      1.1306842787248186E-01    4.1107636869388313E-05    2.4885394964150272E-07    1.5673726990480824E-01    1.7232977234564538E-02
      1.1471304602674634E-01    4.0474365027422486E-05    2.5586812941713399E-07    1.4777992294959424E-01    1.7718704708718468E-02
      1.1638158570290882E-01    3.9844080604303627E-05    2.6303532777672974E-07    1.3931081306123982E-01    1.8215028622180367E-02
      1.1807439484751776E-01    3.9216908095812493E-05    2.7035707697770930E-07    1.3130461559780143E-01    1.8722055082798894E-02
      1.1979182646812032E-01    3.8592979094217071E-05    2.7783491079057494E-07    1.2373728186685692E-01    1.9239890303202722E-02
      1.2153423870687685E-01    3.7972433012499258E-05    2.8547038066781187E-07    1.1658597723530276E-01    1.9768641720486570E-02
      1.2330199491524532E-01    3.7355419644878556E-05    2.9326508967381794E-07    1.0982902736746439E-01    2.0308420345837169E-02
      1.2509546372975242E-01    3.6742100037365674E-05    3.0122072003899497E-07    1.0344586096890133E-01    2.0859342672636522E-02
      1.2691501914886652E-01    3.6132643898566633E-05    3.0933903623463335E-07    9.7416945788364753E-02    2.1421530889395694E-02
      1.2876104061098900E-01    3.5527230357444573E-05    3.1762191602790971E-07    9.1723738129620536E-02    2.1995115030293576E-02
      1.3063391307357994E-01    3.4926054396424265E-05    3.2607143937178175E-07    8.6348648623433194E-02    2.2580239130745403E-02
      1.3253402709343451E-01    3.4329326498439846E-05    3.3468993092620527E-07    8.1274990518076629E-02    2.3177064171969890E-02
      1.3446177890812736E-01    3.3737267862570977E-05    3.4347996278521682E-07    7.6486921049597797E-02    2.3785768269837988E-02
      1.3641757051864131E-01    3.3150107857946484E-05    3.5244437497509023E-07    7.1969393142403554E-02    2.4406548094357106E-02
      1.3840180977319821E-01    3.2568087674892605E-05    3.6158636340869232E-07    6.7708123653521024E-02    2.5039624960454161E-02
      1.4041491045230881E-01    3.1991463813393006E-05    3.7090958201692398E-07    6.3689561340612419E-02    2.5685251900512695E-02
      1.4245729235506005E-01    3.1420507303583806E-05    3.8041821130192631E-07    5.9900847006060472E-02    2.6343718411638670E-02
      1.4452938138665714E-01    3.0855501011128399E-05    3.9011700952516599E-07    5.6329772671003128E-02    2.7015354000402697E-02
      1.4663160964723915E-01    3.0296737105255105E-05    4.0001136685464288E-07    5.2964744263415145E-02    2.7700531932499640E-02
      1.4876441552198649E-01    2.9744514857568934E-05    4.1010736494333401E-07    4.9794747714101736E-02    2.8399673358517841E-02
      1.5092824377253858E-01    2.9294420241502463E-05    4.2179311461893993E-07    4.6962064339470963E-02    2.9208904067609030E-02
      1.5312354562974240E-01    2.8947443380540910E-05    4.3525106923751312E-07    4.4438368932970443E-02    3.0140858838267795E-02
      1.5535077888774818E-01    2.8609717790504907E-05    4.4921832851478996E-07    4.2057852756843248E-02    3.1108082631586403E-02
      1.5761040799947562E-01    2.8273936118496866E-05    4.6360109031648960E-07    3.9802048083576520E-02    3.2104079709615173E-02
      1.5990290417346781E-01    2.7940490855537504E-05    4.7841689310369846E-07    3.7665072207491747E-02    3.3130064599594139E-02
      1.6222874547215360E-01    2.7609671821780427E-05    4.9368284016523277E-07    3.5641144588900830E-02    3.4187221693361282E-02
      1.6458841691154039E-01    2.7281726353741201E-05    5.0941644594976755E-07    3.3724682668435868E-02    3.5276763855312497E-02
      1.6698241056235552E-01    2.6956881191352072E-05    5.2563599362510556E-07    3.1910329835973250E-02    3.6399957183152767E-02
      1.6941122565265992E-01    2.6635353544552268E-05    5.4236077159973880E-07    3.0192963342335410E-02    3.7558137386863436E-02
      1.7187536867195427E-01    2.6317355024894054E-05    5.5961121489307197E-07    2.8567690916287265E-02    3.8752719578499989E-02
      1.7437535347679819E-01    2.6003092462809214E-05    5.7740900238247795E-07    2.7029843100108142E-02    3.9985205006488542E-02
      1.7691170139796733E-01    2.5692768059709858E-05    5.9577714860934596E-07    2.5574964885851106E-02    4.1257187413136179E-02
      1.7948494134916793E-01    2.5386579089306618E-05    6.1474009154240885E-07    2.4198807093454608E-02    4.2570359112185319E-02
      1.8209560993733337E-01    2.5084717465324777E-05    6.3432378157648881E-07    2.2897317917937011E-02    4.3926517151920058E-02
      1.8474425157452462E-01    2.4787370609140021E-05    6.5455580852457030E-07    2.1666635927072856E-02    4.5327572109286250E-02
      1.8743141859145823E-01    2.4494720643090784E-05    6.7546549469480653E-07    2.0503081670530686E-02    4.6775554535414779E-02
      1.9015767135268619E-01    2.4206940037937138E-05    6.9708388800396291E-07    1.9403146847616567E-02    4.8272614478731914E-02
      1.9292357837345039E-01    2.3924190439885351E-05    7.1944382591036274E-07    1.8363487013588049E-02    4.9821025912275024E-02
      1.9572971643823783E-01    2.3646628046256667E-05    7.4258019879559004E-07    1.7380919445758439E-02    5.1423204972707449E-02
      1.9857667072105856E-01    2.3374403101731235E-05    7.6653006816576414E-07    1.6452415968559800E-02    5.3081718145681300E-02
      2.0146503490747469E-01    2.3138824808256458E-05    7.9240738586868092E-07    1.5596102296584070E-02    5.4873705885913601E-02
      2.0439541131840380E-01    2.2938077605863433E-05    8.2031146575840819E-07    1.4805307100700254E-02    5.6806045614432595E-02
      2.0736841103572293E-01    2.2741842261394376E-05    8.4930168151533836E-07    1.4056321136290070E-02    5.8813599558760157E-02
      2.1038465402969958E-01    2.2550389247517190E-05    8.7943749283279289E-07    1.3347062549815589E-02    6.0900485264721298E-02
      2.1344476928827660E-01    2.2363839548496803E-05    9.1077668998662129E-07    1.2675457574689065E-02    6.3070704672046257E-02
      2.1654939494823705E-01    2.2182259819856323E-05    9.4337842969578795E-07    1.2039506663169773E-02    6.5328354345779091E-02
      2.1969917842827727E-01    2.2005683058795960E-05    9.7730389662168967E-07    1.1437296568488593E-02    6.7677671284683452E-02
      2.2289477656401521E-01    2.1834115919056368E-05    1.0126165409781095E-06    1.0867002470223139E-02    7.0123049375580226E-02
      2.2613685574496334E-01    2.1667541858498054E-05    1.0493821759806328E-06    1.0326886970052618E-02    7.2669046141657367E-02
      2.2942609205349229E-01    2.1505922509043993E-05    1.0876690038000265E-06    9.8152978100866858E-03    7.5320384539725005E-02
      2.3276317140581748E-01    2.1349198636061191E-05    1.1275476175128531E-06    9.3306652302146825E-03    7.8081953095294032E-02
      2.3614878969503536E-01    2.1197290514433196E-05    1.1690909629367922E-06    8.8714989842919104E-03    8.0958803259696621E-02
      2.3958365293624048E-01    2.1050097911553980E-05    1.2123742608071867E-06    8.4363851914880626E-03    8.3956144020861656E-02
      2.4306847741375354E-01    2.0907501786059293E-05    1.2574750085745499E-06    8.0239838940336997E-03    8.7079342027790885E-02
      2.4660398983049048E-01    2.0769371838732450E-05    1.3044733474023823E-06    7.6330286534269133E-03    9.0333947004923656E-02
      2.5019092745950455E-01    2.0635567097082691E-05    1.3534520671481940E-06    7.2623230666195443E-03    9.3725692097069574E-02
      2.5383003829773271E-01    2.0505926652243935E-05    1.4044959328018678E-06    6.9107340671971601E-03    9.7260447225694741E-02
      2.5752208122197773E-01    2.0380268142228698E-05    1.4576913795019547E-06    6.5771886778164196E-03    1.0094419796899498E-01
      2.6126782614715954E-01    2.0258392233121482E-05    1.5131265845010999E-06    6.2606728087519128E-03    1.0478305054545561E-01
      2.6506805418686868E-01    2.0140083245349626E-05    1.5708912795723790E-06    5.9602286214144378E-03    1.0878321882310989E-01
      2.6892355781625438E-01    2.0025107960961994E-05    1.6310763865948903E-06    5.6749514285619196E-03    1.1295099908407383E-01
      2.7283514103728229E-01    1.9913253672853848E-05    1.6937769655068698E-06    5.4039974336859602E-03    1.1729297416841845E-01
      2.7680361954639610E-01    1.9804515189613639E-05    1.7591091817179754E-06    5.1466276464480409E-03    1.2181718845664476E-01
      2.8082982090461706E-01    1.9699165613933462E-05    1.8272207483277756E-06    4.9022108836820968E-03    1.2653387098665134E-01
      2.8491458471011949E-01    1.9597381057286794E-05    1.8982606168391369E-06    4.6701176443852774E-03    1.3145333655497510E-01
      2.8905876277331366E-01    1.9499135290447245E-05    1.9723671426719605E-06    4.4497003054490628E-03    1.3658516618616826E-01
      2.9326321929447768E-01    1.9404211793026008E-05    2.0496655076262821E-06    4.2403044578706020E-03    1.4193802864001268E-01
      2.9752883104397232E-01    1.9312121890946078E-05    2.1302545707736015E-06    4.0412587076493261E-03    1.4751876984413387E-01
      3.0185648754507677E-01    1.9261212323017899E-05    2.2187372278659634E-06    3.8597209166144845E-03    1.5364613739254165E-01
      3.0624709125948441E-01    1.9255079818403665E-05    2.3162343406874295E-06    3.6949046309355388E-03    1.6039775024863070E-01
      3.1070155777549596E-01    1.9251181367026119E-05    2.4182920920730379E-06    3.5375364293106807E-03    1.6746518441542887E-01
      3.1522081599895091E-01    1.9245045553859319E-05    2.5245530795569285E-06    3.3864767948077884E-03    1.7482369000021158E-01
      3.1980580834693517E-01    1.9236524488442854E-05    2.6351560675246232E-06    3.2414654399977724E-03    1.8248287634813934E-01
      3.2445749094430676E-01    1.9225285245885986E-05    2.7502150900136303E-06    3.1022243565339749E-03    1.9045064024355160E-01
      3.2917683382308022E-01    1.9210908293326945E-05    2.8698279886402755E-06    2.9684786877317228E-03    1.9873375715595237E-01
      3.3396482112471049E-01    1.9192920945836080E-05    2.9940779392394041E-06    2.8399633545787397E-03    2.0733798695883532E-01
      3.3882245130531957E-01    1.9170815307438855E-05    3.1230333764456524E-06    2.7164259470594449E-03    2.1626806870698520E-01
      3.4375073734390826E-01    1.9144057492992963E-05    3.2567468548458920E-06    2.5976276720539697E-03    2.2552764177201107E-01
      3.4875070695359611E-01    1.9112084497973511E-05    3.3952518014208647E-06    2.4833423468530180E-03    2.3511902095100168E-01
      3.5382340279593438E-01    1.9074239635998010E-05    3.5385474547149310E-06    2.3733478608711106E-03    2.4504215351363978E-01
      3.5896988269833557E-01    1.9029811521536236E-05    3.6866004876092549E-06    2.2674320179891473E-03    2.5529473157820992E-01
      3.6419121987466652E-01    1.8978010582711601E-05    3.8393345313227871E-06    2.1653898552126604E-03    2.6587146665535066E-01
      3.6948850314904863E-01    1.8916605917157021E-05    3.9963350607464688E-06    2.0668752035352344E-03    2.7674365314574201E-01
      3.7486283718291580E-01    1.8842912317628931E-05    4.1569998146714453E-06    1.9715359065953144E-03    2.8786958484493602E-01
      3.8031534270537176E-01    1.8756785768320976E-05    4.3211947481354129E-06    1.8793198772833982E-03    2.9923997922481888E-01
      3.8584715674690045E-01    1.8660196054072114E-05    4.4892638440928713E-06    1.7903754610369606E-03    3.1087865688551569E-01
      3.9145943287647533E-01    1.8553352517617687E-05    4.6611681604137951E-06    1.7046527993688342E-03    3.2278292110936874E-01
      3.9715334144211678E-01    1.8435722006454625E-05    4.8366639555185472E-06    1.6220316183628283E-03    3.3493589294750431E-01
      4.0293006981494905E-01    1.8306823209240399E-05    5.0154751393654856E-06    1.5424027033717116E-03    3.4731845334069450E-01
      4.0879082263680727E-01    1.8166214246517186E-05    5.1972881938844405E-06    1.4656654395705405E-03    3.5990889136261633E-01
      4.1473682207144513E-01    1.8013505625017528E-05    5.3817537774341351E-06    1.3917277289219663E-03    3.7268301532750431E-01
      4.2076930805939849E-01    1.7848383067951609E-05    5.5684923527550574E-06    1.3205065032704808E-03    3.8561454252229621E-01
      4.2688953857655249E-01    1.7670617109113490E-05    5.7570974485995794E-06    1.2519270058671426E-03    3.9867532507243764E-01
      4.3309878989647338E-01    1.7480063003287038E-05    5.9471367662626183E-06    1.1859214114668605E-03    4.1183542656842431E-01
      4.3939835685655376E-01    1.7276660201297208E-05    6.1381535573304639E-06    1.1224275901098434E-03    4.2506321747402931E-01
      4.4578955312802987E-01    1.7060432446518393E-05    6.3296686689874210E-06    1.0613880716918542E-03    4.3832551676248310E-01
      4.5227371148992612E-01    1.6831487908825303E-05    6.5211831575492934E-06    1.0027491484000382E-03    4.5158777290199992E-01
      4.5885218410698403E-01    1.6590018838028426E-05    6.7121813350419565E-06    9.4646007106717828E-04    4.6481427482939969E-01
      4.6552634281163441E-01    1.6336300315004992E-05    6.9021340876624145E-06    8.9247231206428257E-04    4.7796838175141931E-01
      4.7229757939007011E-01    1.6070687560743746E-05    7.0905021862119219E-06    8.4073886869489764E-04    4.9101275239009412E-01
      4.7916730587248013E-01    1.5793611352358978E-05    7.2767392528311517E-06    7.9121359371460854E-04    5.0390955042727514E-01
      4.8613695482750624E-01    1.5505572063030601E-05    7.4602944122596351E-06    7.4385059113384056E-04    5.1662062810265375E-01
      4.9320797966098012E-01    1.5207133367179490E-05    7.6406149604572362E-06    6.9860372782013977E-04    5.2910771101409659E-01
      5.0038185491900844E-01    1.4898915547857932E-05    7.8171489504269486E-06    6.5542624502261827E-04    5.4133257718422367E-01
      5.0766007659546486E-01    1.4581587724375413E-05    7.9893472333925562E-06    6.1427042989568121E-04    5.5325719841065923E-01
      5.1504416244395479E-01    1.4255860311207116E-05    8.1566654897101523E-06    5.7508739812113996E-04    5.6484388090535931E-01
      5.2253565229431842E-01    1.3922478146350443E-05    8.3185664744651960E-06    5.3782698645497146E-04    5.7605542080077410E-01
      5.3013610837373670E-01    1.3582212676498672E-05    8.4745215189742753E-06    5.0243767460158282E-04    5.8685520812788772E-01
      5.3784711563250787E-01    1.3236664134922767E-05    8.6245433103108500E-06    4.6889526256433029E-04    5.9724412145844230E-01
      5.4567028207456370E-01    1.2891374994398656E-05    8.7714354683404504E-06    4.3730270383552814E-04    6.0741630967931182E-01
      5.5360723909279130E-01    1.2546531106033753E-05    8.9147227724190005E-06    4.0756061963081899E-04    6.1733886406410265E-01
      5.6165964180923367E-01    1.2197616106855419E-05    9.0504835660720112E-06    3.7942778647252133E-04    6.2674021240411937E-01
      5.6982916942023853E-01    1.1844787221194147E-05    9.1777590239390315E-06    3.5283126374123454E-04    6.3555395665491710E-01
      5.7811752554662676E-01    1.1488314910778993E-05    9.2956164813648852E-06    3.2770400844795995E-04    6.4371551038420016E-01
      5.8652643858895481E-01    1.1128527400358060E-05    9.4031195219480245E-06    3.0398261501552977E-04    6.5116002735362954E-01
      5.9505766208794419E-01    1.0765796015352854E-05    9.4993240912040944E-06    2.8160659363005234E-04    6.5782213239250598E-01
      6.0371297509015309E-01    1.0400533177807862E-05    9.5832842469256791E-06    2.6051809964705152E-04    6.6363631960651215E-01
      6.1249418251896770E-01    1.0033192695962987E-05    9.6540608378654218E-06    2.4066175332047621E-04    6.6853755337098231E-01
      6.2140311555099093E-01    9.6642702646641311E-06    9.7107317617686116E-06    2.2198448157648566E-04    6.7246197869311319E-01
      6.3044163199790071E-01    9.2943033360592410E-06    9.7524031349087653E-06    2.0443536028131741E-04    6.7534769469517708E-01
      6.3961161669386923E-01    8.9238702537854983E-06    9.7782212237529550E-06    1.8796545755997071E-04    6.7713558087473280E-01
      6.4891498188861263E-01    8.5535888363635909E-06    9.7873852604037213E-06    1.7252768479483689E-04    6.7777018456580085E-01
      6.5835366764615966E-01    8.1841143199505752E-06    9.7791609764756228E-06    1.5807665471738745E-04    6.7720065815118025E-01
      6.6792964224942020E-01    7.8161364613465911E-06    9.7528944942661725E-06    1.4456854422559322E-04    6.7538172101717198E-01
      6.7764490261063837E-01    7.4503778651864162E-06    9.7080290978647995E-06    1.3196100050930375E-04    6.7227482094217461E-01
      6.8750147468781542E-01    7.0876221006732682E-06    9.6441645680406213E-06    1.2021356564895398E-04    6.6785224299980439E-01
      6.9750141390719134E-01    6.7288109798140410E-06    9.5612268850786572E-06    1.0928910744870436E-04    6.6210886137202618E-01
      7.0764680559186743E-01    6.3749217378074970E-06    9.4593505644051336E-06    9.9151441671965562E-05    6.5505399116628016E-01
      7.1793976539667004E-01    6.0268347866865238E-06    9.3387089069962098E-06    8.9763357265773390E-05    6.4669963336459324E-01
      7.2838243974933170E-01    5.6853627262510321E-06    9.1995531503258939E-06    8.1087442733877288E-05    6.3706318600174128E-01
      7.3897700629809626E-01    5.3512633118529108E-06    9.0422349608538103E-06    7.3086535021757784E-05    6.2616900175567702E-01
      7.4972567436583082E-01    5.0252426876993122E-06    8.8672167150025514E-06    6.5723959167961725E-05    6.1404909989865153E-01
      7.6063068541074230E-01    4.7079548293124739E-06    8.6750759322915527E-06    5.8963681206926714E-05    6.0074347328890676E-01
      7.7169431349379969E-01    4.3999994906301991E-06    8.4665062451456336E-06    5.2770420349363632E-05    5.8630015552929815E-01
      7.8291886575294944E-01    4.1019197086215473E-06    8.2423159926913960E-06    4.7109740055390246E-05    5.7077512358859217E-01
      7.9430668288423212E-01    3.8141994114173216E-06    8.0034250400053224E-06    4.1948126861357125E-05    5.5423207753642711E-01
      8.0586013962989678E-01    3.5372614223572701E-06    7.7508601927794924E-06    3.7253060771506212E-05    5.3674212301183921E-01
      8.1758164527361310E-01    3.2714659696601356E-06    7.4857493593204514E-06    3.2993078135288821E-05    5.1838336694540876E-01
      8.2947364414288960E-01    3.0171096393363718E-06    7.2093142944958879E-06    2.9137826040579839E-05    4.9924041508219841E-01
      8.4153861611879632E-01    2.7744248911499526E-06    6.9228621879217417E-06    2.5658109320400189E-05    4.7940378946907597E-01
      8.5377907715310419E-01    2.5435801730948686E-06    6.6277762570995281E-06    2.2525930267620787E-05    4.5896927703547707E-01
      8.6619757979294609E-01    2.3246805688194842E-06    6.3255053056158572E-06    1.9714520342872253E-05    4.3803720650538358E-01
      8.7879671371310686E-01    2.1177689631749123E-06    6.0175523378203878E-06    1.7198363905769471E-05    4.1671165997103660E-01
      8.9157910625605863E-01    1.9228277219289767E-06    5.7054623858264171E-06    1.4953214216371774E-05    3.9509962992049374E-01
      9.0454742297985113E-01    1.7397808539856141E-06    5.3908096698876020E-06    1.2956101825243735E-05    3.7331013010190944E-01
      9.1770436821396695E-01    1.5684965695950583E-06    5.0751840628282577E-06    1.1185335209842194E-05    3.5145325819396939E-01
      9.3105268562326715E-01    1.4087901493573277E-06    4.7601768009189048E-06    9.6204937590389952E-06    3.2963920629313892E-01
      9.4459515878013867E-01    1.2604271158474665E-06    4.4473656155024865E-06    8.2424138936540064E-06    3.0797723128826548E-01
      9.5833461174495915E-01    1.1231266898117134E-06    4.1382994673667548E-06    7.0331690186075157E-06    2.8657459772560590E-01
      9.7227390965501126E-01    9.9656549688487764E-07    3.8344830407415102E-06    5.9760438936728151E-06    2.6553550402802928E-01
      9.8641595932195902E-01    8.8038148522214671E-07    3.5373611512734172E-06    5.0555039913654870E-06    2.4496000275722080E-01
      1.0007637098380155E+00    7.7417804086993460E-07    3.2483033456131858E-06    4.2571605688047903E-06    2.2494293414492028E-01
      1.0153201531909284E+00    6.7752826248605620E-07    2.9685889091779059E-06    3.5677319998567563E-06    2.0557288789002925E-01
      1.0300883248879082E+00    5.8997934783461429E-07    2.6993924718308667E-06    2.9750018648882016E-06    1.8693120636112284E-01
      1.0450713045886357E+00    5.1105706470559535E-07    2.4417704970445803E-06    2.4677743980620553E-06    1.6909104897960939E-01
      1.0602722167474716E+00    4.4027029184803372E-07    2.1966490312846737E-06    2.0358279142455662E-06    1.5211654387238133E-01
      1.0756942312650144E+00    3.7711558173546557E-07    1.9648129650500899E-06    1.6698666287114081E-06    1.3606204420570103E-01
      1.0913405641491261E+00    3.2108170364109451E-07    1.7468970854488884E-06    1.3614713055761711E-06    1.2097150858178378E-01
      1.1072144781855811E+00    2.7165413029894855E-07    1.5433792240364560E-06    1.1030491688721330E-06    1.0687802653096569E-01
      1.1233192836184660E+00    2.2831943041569745E-07    1.3545757968042506E-06    8.8778347478290311E-07    9.3803509658770018E-02
      1.1396583388404751E+00    1.9056952123019020E-07    1.1806399732374272E-06    7.0958308231465399E-07    8.1758564854315902E-02
      1.1562350510932515E+00    1.5790573738085323E-07    1.0215626884752546E-06    5.6303234524069052E-07    7.0742564381781461E-02
      1.1730528771779078E+00    1.2984267020287074E-07    8.7717665320547268E-07    4.4334161440351266E-07    6.0743923563029448E-02
      1.1901153241758864E+00    1.0591172795358757E-07    7.4716342439284362E-07    3.4629860267589172E-07    5.1740590421048234E-02
      1.2074259501803042E+00    8.5664367730334915E-08    6.3106350790985087E-07    2.6822084391058577E-07    4.3700745280681685E-02
      1.2249883650379345E+00    6.8674951401470170E-08    5.2828935885376869E-07    2.0590945866272656E-07    3.6583701032291624E-02
      1.2428062311019807E+00    5.4543180873863059E-08    4.3814102871246122E-07    1.5660442276339296E-07    3.0340986688005923E-02
      1.2608832639958005E+00    4.2896072734031763E-08    3.5982408489164071E-07    1.1794151975345618E-07    2.4917588297547814E-02
      1.2792232333877376E+00    3.3389440932663243E-08    2.9246932056397586E-07    8.7911149592259846E-08    2.0253313842711004E-02
      1.2978299637772237E+00    2.5708866175347800E-08    2.3515367139689583E-07    6.4819154345433809E-08    1.6284241707414458E-02
      1.3167073352923175E+00    1.9570142897344998E-08    1.8692167624724262E-07    4.7249809212895906E-08    1.2944206817114367E-02
      1.3358592844988388E+00    1.4719209000192218E-08    1.4680677208281851E-07    3.4031113514864267E-08    1.0166275298534332E-02
      1.3552898052212747E+00    1.0931578047023427E-08    1.1385169480569055E-07    2.4202496878906175E-08    7.8841572236627282E-03
      1.3750029493756295E+00    8.0113092086631956E-09    8.7127286306150293E-08    1.6985034469427860E-08    6.0335089862398042E-03
      1.3950028278143809E+00    5.7895649698005420E-09    6.5749077490973321E-08    1.1754238415300086E-08    4.5530816658840663E-03
      1.4152936111837331E+00    4.1228196141166043E-09    4.8891126371866997E-08    8.0154613128184531E-09    3.3856793068880705E-03
      1.4358795307933379E+00    2.8907918831940494E-09    3.5796733996770846E-08    5.3819125995738515E-09    2.4789009896238083E-03
      1.4567648794986612E+00    1.9941822517691500E-09    2.5785831202979084E-08    3.5552511538668101E-09    1.7856523584834152E-03
      1.4779540125961907E+00    1.3522981817475433E-09    1.8259011230378488E-08    2.3086788731091305E-09    1.2644248777729408E-03
      1.4994513487316594E+00    9.0064925285151187E-10    1.2698362737317503E-08    1.4724222887773034E-09    8.7935351752978393E-04
      1.5212613708214826E+00    5.8858851707585073E-10    8.6654227335299639E-09    9.2145493481684662E-10    6.0007499543376789E-04
      1.5433886269875974E+00    3.7706697994975577E-10    5.7967028937054824E-09    5.6528367429890102E-10    4.0141797687626900E-04
      1.5658377315058969E+00    2.3655567751829500E-10    3.7973363594590375E-09    3.3959942137247337E-10    2.6296312005018741E-04
      1.5886133657684622E+00    1.4517537100722848E-10    2.4334381829799860E-09    1.9957775614479845E-10    1.6851404154696366E-04
      1.6117202792597913E+00    8.7058660874150057E-11    1.5237703299830869E-09    1.1460849217038411E-10    1.0552012312897627E-04
      1.6351632905472240E+00    5.0954518335040712E-11    9.3125540846645147E-10    6.4235209091471683E-11    6.4488842860587636E-05
      1.6589472882857768E+00    2.9071934430747271E-11    5.5480067521750424E-10    3.5095383884217647E-11    3.8419592775270804E-05
      1.6830772322375900E+00    1.6148429403460987E-11    3.2178707424862732E-10    1.8667750220435354E-11    2.2283549579551840E-05
      1.7075581543062059E+00    8.7211010582761398E-12    1.8146093293335613E-10    9.6542521233256184E-12    1.2566053826785810E-05
      1.7323951595858889E+00    4.5728883797188329E-12    9.9351434605022582E-11    4.8475639081798500E-12    6.8800234564737715E-06
      1.7575934274262104E+00    2.3246353506869345E-12    5.2736130148803406E-11    2.3597902677608567E-12    3.6519433651849744E-06
      1.7831582125121148E+00    1.1439390980465942E-12    2.7097193257546571E-11    1.1120059137704328E-12    1.8764633440642705E-06
      1.8090948459596996E+00    5.4405755997963723E-13    1.3456505728062203E-11    5.0644777542971826E-13    9.3185443591532500E-07
      1.8354087364279308E+00    2.4966683744471489E-13    6.4478121210209702E-12    2.2255446088744810E-13    4.4650687543587377E-07
      1.8621053712465321E+00    1.1035706873096353E-13    2.9758683198983690E-12    9.4202239016613259E-14    2.0607698243788553E-07
      1.8891903175602747E+00    4.6900754227785622E-14    1.3205454688992581E-12    3.8337741172169511E-14    9.1446931163968836E-08
      1.9166692234899156E+00    1.9128617427845776E-14    5.6236074791985419E-13    1.4973243967347717E-14    3.8943122986299940E-08
      1.9445478193100199E+00    7.4724051674214247E-15    2.2937579999040687E-13    5.6011648771962223E-15    1.5884127799012740E-08
      1.9728319186439149E+00    2.7901217061203633E-15    8.9426031026921404E-14    2.0027498957068313E-15    6.1926955914682608E-09
      2.0015274196760284E+00    9.9368077263235456E-16    3.3253637818086187E-14    6.8302418499182961E-16    2.3027932018401905E-09
      2.0306403063818537E+00    3.3679628304883962E-16    1.1768168278487183E-14    2.2168796177910366E-16    8.1493814475457292E-10
      2.0601766497758134E+00    1.0838737962177110E-16    3.9542801897874343E-15    6.8318632187847659E-17    2.7383138016440641E-10
      2.0901426091772684E+00    3.3039402630307655E-17    1.2585367444324922E-15    1.9942438322740942E-17    8.7152866558526274E-11
      2.1205444334949402E+00    9.5155337849789246E-18    3.7845106481776586E-16    5.5000273857602634E-18    2.6207494772723448E-11
      2.1513884625300257E+00    2.5824926291322490E-18    1.0723990865033483E-16    1.4294086710882084E-18    7.4262952509707296E-12
      2.1826811282982490E+00    6.5865322971492822E-19    2.8557020570227035E-17    3.4910797719585579E-19    1.9775554540430719E-12
      2.2144289563711590E+00    1.5741267152569710E-19    7.1257815175519102E-18    7.9896593282644156E-20    4.9345582357585793E-13
      2.2466385672369280E+00    3.5146687804430781E-20    1.6611622923227458E-18    1.7082782096839498E-20    1.1503442885979687E-13
      2.2793166776809475E+00    7.3084914757800952E-21    3.6065209618807701E-19    3.4016338728888076E-21    2.4974927551523913E-14
      2.3124701021865004E+00    1.4107270235532340E-21    7.2683376202675130E-20    6.2876510833316600E-22    5.0332774273279830E-15
      2.3461057543558130E+00    2.5190461355435999E-22    1.3550586993604039E-20    1.0751453843562263E-22    9.3836950352673776E-16
      2.3802306483517692E+00    4.1461204371993976E-23    2.3285869259835772E-21    1.6945664820015315E-23    1.6125315889897836E-16
      2.4148519003606048E+00    6.2664240102942261E-24    3.6744958819270710E-22    2.4525738951836664E-24    2.5445649535790899E-17
      2.4499767300758655E+00    8.6626262837191268E-25    5.3033972598944768E-23    3.2466653639305014E-25    3.6725687648226620E-18
      2.4856124622039575E+00    1.0907554293424154E-25    6.9720100316233998E-24    3.9147222817650972E-26    4.8280724628725693E-19
      2.5217665279915962E+00    1.2455502654584872E-26    8.3122329552986334E-25    4.2807558441401427E-27    5.7561682863951135E-20
      2.5584464667754703E+00    1.2840064940850512E-27    8.9464281287109025E-26    4.2258302260355845E-28    6.1953443975811590E-21
      2.5956599275544434E+00    1.1892285821864421E-28    8.6511617065676981E-27    3.7479672622952063E-29    5.9908742841569856E-22
      2.6334146705846306E+00    9.8462651437653835E-30    7.4783913858902650E-28    2.9715811986075269E-30    5.1787383198003016E-23
      2.6717185689976737E+00    7.2492116115040755E-31    5.7484878993302136E-29    2.1121890457081774E-31    3.9807911927874791E-24
      2.7105796104425455E+00    4.7372870566377041E-32    3.9219447524327230E-30    1.3443978567241482E-32    2.7159217175880880E-25
      2.7500058987512550E+00    2.7168864655733761E-33    2.3479339518069740E-31    7.5950560413178980E-34    1.6259292809312390E-26
