      1.5739455852146610E-03    3.3533861317133626E-04    5.4769701854977507E-12    4.7401081440920569E+05    3.7927669083428696E-07
      1.5968391509250449E-03    3.4997332482145495E-04    5.9690622470019910E-12    4.7372385509105423E+05    4.1335375212035066E-07
      1.6200657112166008E-03    3.6524122062978412E-04    6.5052696116862938E-12    4.7342994293789496E+05    4.5048577000442348E-07
      1.6436301096070438E-03    3.8116926458649344E-04    7.0895348111017077E-12    4.7312885582513642E+05    4.9094576228093321E-07
      1.6675372600646770E-03    3.9778553374221893E-04    7.7261511347536509E-12    4.7282036327444890E+05    5.3503103650885112E-07
      1.6917921480331182E-03    4.1511926117231249E-04    8.4197936340159436E-12    4.7250422612450074E+05    5.8306533701295676E-07
      1.7163998314709326E-03    4.3320088033696995E-04    9.1755528364390743E-12    4.7218019619064283E+05    6.3540117957817508E-07
      1.7413654419063864E-03    4.5206207085577230E-04    9.9989714075620885E-12    4.7184801591106178E+05    6.9242239025665748E-07
      1.7666941855075436E-03    4.7173580571642341E-04    1.0896084012874884E-11    4.7150741798104532E+05    7.5454686578323739E-07
      1.7923913441679267E-03    4.9225639993032903E-04    1.1873460655521312E-11    4.7115812497256650E+05    8.2222957468371924E-07
      1.8184622766079673E-03    5.1365956064837925E-04    1.2938253787722217E-11    4.7079984894067352E+05    8.9596581971086517E-07
      1.8449124194924822E-03    5.3598243874451333E-04    1.4098249512818402E-11    4.7043229101588106E+05    9.7629478355320093E-07
      1.8717472885643974E-03    5.5926368186917164E-04    1.5361923243554954E-11    4.7005514098077675E+05    1.0638033831356944E-06
      1.8989724797949684E-03    5.8354348897435401E-04    1.6738500168706939E-11    4.6966807683324587E+05    1.1591304568950038E-06
      1.9265936705507262E-03    6.0886366629990876E-04    1.8238020965989514E-11    4.6927076433269028E+05    1.2629713153565768E-06
      1.9546166207773997E-03    6.3526768481155188E-04    1.9871413181683025E-11    4.6886285653160734E+05    1.3760826841281448E-06
      1.9830471742010576E-03    6.6280073906839303E-04    2.1650568768577534E-11    4.6844399329032330E+05    1.4992880733529095E-06
      2.0118912595467218E-03    6.9150980749446212E-04    2.3588428298761581E-11    4.6801380077563284E+05    1.6334836093914347E-06
      2.0411548917747052E-03    7.2144371401670101E-04    2.5699072399233611E-11    4.6757189094223338E+05    1.7796443666793969E-06
      2.0708441733349298E-03    7.5265319102517218E-04    2.7997821045204101E-11    4.6711786099699407E+05    1.9388312437254053E-06
      2.1009652954395055E-03    7.8519094359904564E-04    3.0501341320809002E-11    4.6665129284577921E+05    2.1121984254716533E-06
      2.1315245393537866E-03    8.1911171493125403E-04    3.3227764395192904E-11    4.6617175252251251E+05    2.3010014838130403E-06
      2.1625282777062381E-03    8.5447235287048977E-04    3.6196812448552455E-11    4.6567878959991049E+05    2.5066061671446973E-06
      2.1939829758173416E-03    8.9133187748689205E-04    3.9429936378494980E-11    4.6517193658197898E+05    2.7304979364394581E-06
      2.2258951930478298E-03    9.2975154955049109E-04    4.2950465168970182E-11    4.6465070827797527E+05    2.9742923089510771E-06
      2.2582715841665347E-03    9.6979493979541071E-04    4.6783767881488376E-11    4.6411460115760425E+05    3.2397460760027354E-06
      2.2911189007381290E-03    1.0115279988229425E-03    5.0957429283854459E-11    4.6356309268728050E+05    3.5287694651648098E-06
      2.3244439925310563E-03    1.0550191274771924E-03    5.5501440233581465E-11    4.6299564064752369E+05    3.8434393241847924E-06
      2.3582538089459352E-03    1.1003392475031090E-03    6.0448403992231163E-11    4.6241168243135465E+05    4.1860134081237369E-06
      2.3925554004647445E-03    1.1475618722730694E-03    6.5833759763927170E-11    4.6181063432390173E+05    4.5589458592556694E-06
      2.4273559201210856E-03    1.1967631773397106E-03    7.1696024807128876E-11    4.6119189076294465E+05    4.9649039731534532E-06
      2.4626626249918274E-03    1.2480220705447041E-03    7.8077056608498160E-11    4.6055482358092349E+05    5.4067863540617842E-06
      2.4984828777104549E-03    1.3014202613813846E-03    8.5022336697826288E-11    4.5989878122897394E+05    5.8877425688997944E-06
      2.5348241480024213E-03    1.3570423292706688E-03    9.2581277774521803E-11    4.5922308798235771E+05    6.4111944155743784E-06
      2.5716940142428402E-03    1.4149757903771242E-03    1.0080755598233945E-10    4.5852704312896344E+05    6.9808589327931685E-06
      2.6091001650368219E-03    1.4753111625469212E-03    1.0975947024467134E-10    4.5780992014080251E+05    7.6007732838041797E-06
      2.6470504008228308E-03    1.5381420279052468E-03    1.1950033073276921E-10    4.5707096582926315E+05    8.2753216575723422E-06
      2.6855526354993054E-03    1.6035650926047320E-03    1.3009887868910244E-10    4.5630939948540734E+05    9.0092643412791816E-06
      2.7246148980749922E-03    1.6716802431607938E-03    1.4162973991800989E-10    4.5552441200587200E+05    9.8077691242611154E-06
      2.7642453343432599E-03    1.7425905987569204E-03    1.5417391448753425E-10    4.5471516500610707E+05    1.0676445209549029E-05
      2.8044522085807697E-03    1.8164025588379951E-03    1.6781930526160300E-10    4.5388078992180584E+05    1.1621379814384599E-05
      2.8452439052708551E-03    1.8932258452498440E-03    1.8266128811327089E-10    4.5302038710099692E+05    1.2649177657123493E-05
      2.8866289308519676E-03    1.9731735381044364E-03    1.9880332677865442E-10    4.5213302488748345E+05    1.3767003535478056E-05
      2.9286159154915553E-03    2.0563621044858500E-03    2.1635763553924861E-10    4.5121773869938357E+05    1.4982628216844915E-05
      2.9712136148857429E-03    2.1429114190168112E-03    2.3544589303888227E-10    4.5027353010332992E+05    1.6304477869673704E-05
      3.0144309120851863E-03    2.2287465257602554E-03    2.5571484227684627E-10    4.4845462004144117E+05    1.7708089672056460E-05
      3.0582768193474900E-03    2.3126106481834992E-03    2.7708361720619519E-10    4.4560080792472058E+05    1.9187863701837777E-05
      3.1027604800165642E-03    2.3985787226389150E-03    3.0010733492255075E-10    4.4257109971131413E+05    2.0782241463704024E-05
      3.1478911704293172E-03    2.4876285919129900E-03    3.2502927055193277E-10    4.3954185727705655E+05    2.2508069604913469E-05
      3.1936783018500850E-03    2.5798568096859105E-03    3.5200337658380351E-10    4.3651173774844699E+05    2.4376009237133934E-05
      3.2401314224331963E-03    2.6753617154577410E-03    3.8119572690249371E-10    4.3347939414649655E+05    2.6397560870893984E-05
      3.2872602192140820E-03    2.7742433504028452E-03    4.1278542200857350E-10    4.3044347488920979E+05    2.8585127101585294E-05
      3.3350745201293479E-03    2.8766033589658125E-03    4.4696555530592666E-10    4.2740262333928194E+05    3.0952079524226022E-05
      3.3835842960662278E-03    2.9825448749474558E-03    4.8394424370652255E-10    4.2435547739907145E+05    3.3512830102183680E-05
      3.4327996629418562E-03    3.0921723907607382E-03    5.2394572581428582E-10    4.2130066915750672E+05    3.6282907215707454E-05
      3.4827308838127637E-03    3.2055916084359091E-03    5.6721153101066513E-10    4.1823682459090720E+05    3.9279036620357911E-05
      3.5333883710150786E-03    3.3229092708742950E-03    6.1400172272907580E-10    4.1516256332179415E+05    4.2519227542968866E-05
      3.5847826883358444E-03    3.4442329717616093E-03    6.6459621916811550E-10    4.1207649844003358E+05    4.6022864140194955E-05
      3.6369245532159255E-03    3.5696709424504242E-03    7.1929619464725668E-10    4.0897723638984741E+05    4.9810802541499198E-05
      3.6898248389849544E-03    3.6993318140278401E-03    7.7842556464376822E-10    4.0586337692740973E+05    5.3905473687012269E-05
      3.7434945771287849E-03    3.8333243526886057E-03    8.4233255741082806E-10    4.0273351315381721E+05    5.8330992161084151E-05
      3.7979449595899272E-03    3.9717571664410912E-03    9.1139137483112375E-10    3.9958623162982659E+05    6.3113271205336160E-05
      3.8531873411014423E-03    4.1147383819244467E-03    9.8600394506028948E-10    3.9642011266024457E+05    6.8280144088100816E-05
      3.9092332415547890E-03    4.2623752882156559E-03    1.0666017687407476E-09    3.9323373064289312E+05    7.3861491953552334E-05
      3.9660943484021056E-03    4.4147739445052321E-03    1.1536478600774392E-09    3.9002565441931970E+05    7.9889378239962538E-05
      4.0237825190934332E-03    4.5720387505468439E-03    1.2476387839260697E-09    3.8679444776964758E+05    8.6398189746762134E-05
      4.0823097835494000E-03    4.7342719772400484E-03    1.3491067891015339E-09    3.8353867003505456E+05    9.3424784364787942E-05
      4.1416883466698562E-03    4.9015732546321663E-03    1.4586220372093284E-09    3.8025687686005037E+05    1.0100864542143625E-04
      4.2019305908790076E-03    5.0740390146802594E-03    1.5767949253737328E-09    3.7694762106164743E+05    1.0919204252810725E-04
      4.2630490787075696E-03    5.2517618860242702E-03    1.7042785000415635E-09    3.7360945363301405E+05    1.1802019873457495E-04
      4.3250565554124728E-03    5.4348300379488436E-03    1.8417709576800186E-09    3.7024092488936242E+05    1.2754146370071742E-04
      4.3879659516346762E-03    5.6233264706442368E-03    1.9900182265976294E-09    3.6684058576441277E+05    1.3780749248597037E-04
      4.4517903860956526E-03    5.8173282488112061E-03    2.1498166222601066E-09    3.6340698926536122E+05    1.4887342942825527E-04
      4.5165431683330615E-03    6.0169056756317306E-03    2.3220155663937656E-09    3.5993869209580892E+05    1.6079809644015667E-04
      4.5822378014762502E-03    6.2221214040630180E-03    2.5075203577110415E-09    3.5643425645404507E+05    1.7364418487989628E-04
      4.6488879850621039E-03    6.4330294824732955E-03    2.7072949793744375E-09    3.5289225201826019E+05    1.8747844996642031E-04
      4.7165076178918618E-03    6.6496743315474357E-03    2.9223649251412404E-09    3.4931125812436710E+05    2.0237190648811750E-04
      4.7851108009294811E-03    6.8720896495621468E-03    3.1538200226437320E-09    3.4568986614951916E+05    2.1840002431317267E-04
      4.8547118402421626E-03    7.1002972431050892E-03    3.4028172282123820E-09    3.4202668210908165E+05    2.3564292192928952E-04
      4.9253252499836470E-03    7.3343057804338731E-03    3.6705833631960588E-09    3.3832032947562286E+05    2.5418555593211944E-04
      4.9969657554209020E-03    7.5741094648978293E-03    3.9584177567035649E-09    3.3456945223289379E+05    2.7411790403342634E-04
      5.0696482960048347E-03    7.8196866259692601E-03    4.2676947541071644E-09    3.3077271817323240E+05    2.9553513877335602E-04
      5.1433880284856718E-03    8.0709982256556203E-03    4.5998660443381168E-09    3.2692882244672964E+05    3.1853778868416640E-04
      5.2182003300736447E-03    8.3279862784722304E-03    4.9564627522024123E-09    3.2303649137473002E+05    3.4323188318175765E-04
      5.2941008016456625E-03    8.5905721835330111E-03    5.3390972342641944E-09    3.1909448653945595E+05    3.6972907692945284E-04
      5.3711052709986117E-03    8.8586549676541275E-03    5.7494645084296536E-09    3.1510160915675014E+05    3.9814674883577105E-04
      5.4492297961499844E-03    9.1321094390136581E-03    6.1893432381578940E-09    3.1105670474355004E+05    4.2860807021040154E-04
      5.5284906686865155E-03    9.4107842515813358E-03    6.6605961822320012E-09    3.0695866809215414E+05    4.6124203591056342E-04
      5.6089044171615358E-03    9.6944998813022331E-03    7.1651700100720344E-09    3.0280644856317370E+05    4.9618345155154797E-04
      5.6904878105417060E-03    9.9830465158986057E-03    7.7050943707851426E-09    2.9859905570872745E+05    5.3357286903903329E-04
      5.7732578617039308E-03    1.0276181861098105E-02    8.2824800913126847E-09    2.9433556523464865E+05    5.7355646179192222E-04
      5.8572318309831062E-03    1.0573628867504922E-02    8.8995163656028523E-09    2.9001512531732174E+05    6.1628583009433956E-04
      5.9424272297714797E-03    1.0875073383626832E-02    9.5584667821720445E-09    2.8563696328760509E+05    6.6191772600679183E-04
      6.0288618241703673E-03    1.1180161742253945E-02    1.0261664022277236E-08    2.8120039269686048E+05    7.1061368621798697E-04
      6.1165536386949756E-03    1.1488498289208976E-02    1.1011503044921094E-08    2.7670482077983755E+05    7.6253956011078643E-04
      6.2055209600331233E-03    1.1799642865688183E-02    1.1810432558545584E-08    2.7214975633168558E+05    8.1786491918242881E-04
      6.2957823408586293E-03    1.2113108257728605E-02    1.2660944562344416E-08    2.6753481801445573E+05    8.7676233278709021E-04
      6.3873566037001648E-03    1.2428357629254884E-02    1.3565561723399364E-08    2.6285974311330868E+05    9.3940649401062738E-04
      6.4802628448663866E-03    1.2744801958388738E-02    1.4526822339359235E-08    2.5812439676471302E+05    1.0059731783456918E-03
      6.5745204384281587E-03    1.3061797500251871E-02    1.5547262620582882E-08    2.5332878167894381E+05    1.0766380167414372E-03
      6.6701490402586907E-03    1.3378643303670709E-02    1.6629396011372483E-08    2.4847304838218534E+05    1.1515750636121179E-03
      6.7671685921324564E-03    1.3694578813809921E-02    1.7775689257621054E-08    2.4355750600467046E+05    1.2309551395369496E-03
      6.8655993258837133E-03    1.4008781598104302E-02    1.8988534919131011E-08    2.3858263364444987E+05    1.3149439277557067E-03
      6.9654617676255283E-03    1.4320365238713089E-02    2.0270220019743749E-08    2.3354909233680635E+05    1.4036998032101997E-03
      7.0667767420301572E-03    1.4628377441491047E-02    2.1622890529175766E-08    2.2845773766230326E+05    1.4973713729340872E-03
      7.1695653766716888E-03    1.4931798418560236E-02    2.3048511377709666E-08    2.2330963302206920E+05    1.5960947070957402E-03
      7.2738491064318388E-03    1.5229539610119285E-02    2.4548821722231880E-08    2.1810606361383427E+05    1.6999902411998975E-03
      7.3796496779698975E-03    1.5520442820022115E-02    2.6125285210233679E-08    2.1284855113754826E+05    1.8091593319014678E-03
      7.4869891542575584E-03    1.5803279849523118E-02    2.7779035030790589E-08    2.0753886925481138E+05    1.9236804518209141E-03
      7.5958899191798414E-03    1.6076752724257865E-02    2.9510813601138150E-08    2.0217905981923087E+05    2.0436050128781079E-03
      7.7063746822028725E-03    1.6339494620936607E-02    3.1320906817721342E-08    1.9677144988419229E+05    2.1689528132194514E-03
      7.8184664831095659E-03    1.6590071612170194E-02    3.3209072905275634E-08    1.9131866947881575E+05    2.2997071100621376E-03
      7.9321886968041957E-03    1.6826985360265105E-02    3.5174466031112173E-08    1.8582367012274463E+05    2.4358093300321363E-03
      8.0475650381868526E-03    1.7048676903205374E-02    3.7215555018483623E-08    1.8028974402255786E+05    2.5771534401166415E-03
      8.1646195670987860E-03    1.7253531688052472E-02    3.9330037697411735E-08    1.7472054385701771E+05    2.7235800165135312E-03
      8.2833766933396984E-03    1.7439886018106022E-02    4.1514751678539084E-08    1.6912010301420110E+05    2.8748700657775252E-03
      8.4038611817580013E-03    1.7606035089405423E-02    4.3765582628913568E-08    1.6349285608758457E+05    3.0307386729767887E-03
      8.5260981574151254E-03    1.7750242798710691E-02    4.6077371472090874E-08    1.5784365937094839E+05    3.1908285753592370E-03
      8.6501131108249318E-03    1.7870753507700090E-02    4.8443822330225525E-08    1.5217781101159233E+05    3.3547037874010750E-03
      8.7759319032693454E-03    1.7965805945224664E-02    5.0857413472884902E-08    1.4650107038692373E+05    3.5218434340689893E-03
      8.9035807721912965E-03    1.8033649419052430E-02    5.3309314032216831E-08    1.4081967615855631E+05    3.6916359833986398E-03
      9.0330863366661143E-03    1.8072562489064938E-02    5.5789309781000740E-08    1.3514036233522359E+05    3.8633741066720598E-03
      9.1644756029524918E-03    1.8080874222819961E-02    5.8285741836086565E-08    1.2947037154083625E+05    4.0362504336699107E-03
      9.2977759701242009E-03    1.8056988108861874E-02    6.0785462724436091E-08    1.2381746453525855E+05    4.2093545102728754E-03
      9.4330152357837167E-03    1.7999408641008345E-02    6.3273814806217369E-08    1.1818992488204499E+05    4.3816713042747106E-03
      9.5702216018589466E-03    1.7906770505248408E-02    6.5734636551348412E-08    1.1259655750278200E+05    4.5520816400289000E-03
      9.7094236804843095E-03    1.7777870197831062E-02    6.8150302565621916E-08    1.0704667971180184E+05    4.7193649702322472E-03
      9.8506504999672766E-03    1.7611699776660810E-02    7.0501803499842260E-08    1.0155010319724603E+05    4.8822049095816290E-03
      9.9939315108417866E-03    1.7405534510591472E-02    7.2760670281843112E-08    9.6106350423400319E+04    5.0386299929938583E-03
      1.0139296592009652E-02    1.7160682030227234E-02    7.4912579074102372E-08    9.0737099073667545E+04    5.1876483038596722E-03
      1.0286776056971326E-02    1.6878848028403198E-02    7.6943754887566410E-08    8.5463126057974994E+04    5.3283059329760647E-03
      1.0436400660147272E-02    1.6558347448154136E-02    7.8823870462258222E-08    8.0285772030545282E+04    5.4585027369395507E-03
      1.0588201603291308E-02    1.6199719817482829E-02    8.0530107476975606E-08    7.5216777864218224E+04    5.5766585615658216E-03
      1.0742210541997204E-02    1.5803892976290104E-02    8.2039817257389910E-08    7.0267892331752839E+04    5.6812050006083145E-03
      1.0898459592299951E-02    1.5372217887875177E-02    8.3331036625916947E-08    6.5450806748637777E+04    5.7706211180326540E-03
      1.1056981337373022E-02    1.4906489457736059E-02    8.4383027317570811E-08    6.0777030207494085E+04    5.8434708022203526E-03
      1.1217808834323061E-02    1.4408956988938871E-02    8.5176849319768481E-08    5.6257738237420752E+04    5.8984424693844708E-03
      1.1380975621083403E-02    1.3882323650028639E-02    8.5695956990678500E-08    5.1903603854041881E+04    5.9343903443849176E-03
      1.1546515723407853E-02    1.3329733604321039E-02    8.5926798608343411E-08    4.7724616106053334E+04    5.9503759791226431E-03
      1.1714463661966204E-02    1.2754745509158763E-02    8.5859394604247948E-08    4.3729891170539740E+04    5.9457082948453028E-03
      1.1884854459542953E-02    1.2161291450864876E-02    8.5487865563494787E-08    3.9927481833254627E+04    5.9199801458225442E-03
      1.2057723648340726E-02    1.1553620940343219E-02    8.4810878253736857E-08    3.6324192131502030E+04    5.8730992065649827E-03
      1.2233107277389941E-02    1.0936230325694135E-02    8.3831976976551125E-08    3.2925404784198952E+04    5.8053109176954276E-03
      1.2411041920066238E-02    1.0313778839385569E-02    8.2559768882686177E-08    2.9734929585875325E+04    5.7172113189115350E-03
      1.2591564681717236E-02    9.6911146164766950E-03    8.1008961739921937E-08    2.6755215611382322E+04    5.6098189137479592E-03
      1.2774713207400307E-02    9.0734114619364110E-03    7.9202467183329770E-08    2.3987829659325540E+04    5.4847203183149154E-03
      1.2960525689732752E-02    8.4648145134170391E-03    7.7160383068735860E-08    2.1430061713932319E+04    5.3433072963051829E-03
      1.3149040876856297E-02    7.8695112900528767E-03    7.4908944890528613E-08    1.9078286387070155E+04    5.1873966389659335E-03
      1.3340298080517361E-02    7.2914426246046063E-03    7.2478397218760625E-08    1.6927416843737534E+04    5.0190827634761471E-03
      1.3534337184264889E-02    6.7341060643403205E-03    6.9901184030308616E-08    1.4970724004192251E+04    4.8406123945340671E-03
      1.3731198651767402E-02    6.2004832630768447E-03    6.7210927193064900E-08    1.3200002587782226E+04    4.6543138250392281E-03
      1.3930923535251034E-02    5.6929875812993004E-03    6.4441359774652294E-08    1.1605780126183154E+04    4.4625230484015548E-03
      1.4133553484060292E-02    5.2134350822655951E-03    6.1625281859453373E-08    1.0177560610425882E+04    4.2675114495368633E-03
      1.4339130753343353E-02    4.7630400546194761E-03    5.8793602347894142E-08    8.9040909277242881E+03    4.0714194500786208E-03
      1.4547698212863678E-02    4.3424348753750624E-03    5.5974529320375980E-08    7.7736376263976053E+03    3.8762004415968149E-03
      1.4759299355939797E-02    3.9517116323716491E-03    5.3192952021507341E-08    6.7742598038070519E+03    3.6835779884003142E-03
      1.4973978308515117E-02    3.5904818443740077E-03    5.0470045312598971E-08    5.8940655765503052E+03    3.4950184361245348E-03
      1.5191779838359684E-02    3.2579489864478254E-03    4.7823100888336427E-08    5.1214405228205742E+03    3.3117192235937063E-03
      1.5412749364405745E-02    2.9529885769580045E-03    4.5265577611379465E-08    4.4452403307117738E+03    3.1346123684597594E-03
      1.5636932966219132E-02    2.6742293232563893E-03    4.2807327292916986E-08    3.8549411356317560E+03    2.9643801023617015E-03
      1.5864377393608395E-02    2.4201311197235300E-03    4.0454963597399492E-08    3.3407472968037337E+03    2.8014804173429660E-03
      1.6095130076373705E-02    2.1890551366783050E-03    3.8212312509593310E-08    2.8936570304232541E+03    2.6461782604074997E-03
      1.6329239134197544E-02    1.9793235057241304E-03    3.6080896614998334E-08    2.5054905108831999E+03    2.4985790696297034E-03
      1.6566753386679369E-02    1.7892670385296556E-03    3.4060404885205359E-08    2.1688862068958820E+03    2.3586613064906880E-03
      1.6807722363515975E-02    1.6172611014182913E-03    3.2149117242586418E-08    1.8772727303984252E+03    2.2263058567121904E-03
      1.7052196314830223E-02    1.4617509563651431E-03    3.0344270718504476E-08    1.6248236901471132E+03    2.1013213864789727E-03
      1.7300226221649832E-02    1.3212681759352037E-03    2.8642361340585131E-08    1.4064019368745376E+03    1.9834652479397727E-03
      1.7551863806538660E-02    1.1944398455980075E-03    2.7039381889210040E-08    1.2174983718126400E+03    1.8724599436927766E-03
      1.7807161544382562E-02    1.0799923698357719E-03    2.5531003694686180E-08    1.0541694323758913E+03    1.7680057161235949E-03
      1.8066172673332201E-02    9.7675159164805313E-04    2.4112716166164612E-08    9.1297625950035308E+02    1.6697902096938636E-03
      1.8328951205904956E-02    8.8364040853331871E-04    2.2779933410805674E-08    7.9092727065787585E+02    1.5774958542504075E-03
      1.8595551940248371E-02    7.9967475189532942E-04    2.1528075353169325E-08    6.8542508055336430E+02    1.4908054824912629E-03
      1.8866030471567402E-02    7.2395856590199998E-04    2.0352629396320437E-08    5.9421819230443396E+02    1.4094065999578768E-03
      1.9140443203717876E-02    6.5567820478282376E-04    1.9249196344908483E-08    5.1535750588381950E+02    1.3329945651790766E-03
      1.9418847360968602E-02    5.9409657858169125E-04    1.8213524336735742E-08    4.4715751561926919E+02    1.2612749394105170E-03
      1.9701300999934536E-02    5.3854722922590280E-04    1.7241532210591802E-08    3.8816189946183192E+02    1.1939651048423099E-03
      1.9987863021683556E-02    4.8842849730714691E-04    1.6329324311466013E-08    3.3711317720817624E+02    1.1307952898505411E-03
      2.0278593184019290E-02    4.4319789748362723E-04    1.5473198615166429E-08    2.9292608724975332E+02    1.0715091316219482E-03
      2.0573552113942635E-02    4.0236677779531354E-04    1.4669649650995947E-08    2.5466431857787506E+02    1.0158638785473775E-03
      2.0872801320294510E-02    3.6549531025564601E-04    1.3915367493115578E-08    2.2152024265478332E+02    9.6363032037433593E-04
      2.1176403206582577E-02    3.3218784394004335E-04    1.3207234123142051E-08    1.9279731029566136E+02    9.1459253631919369E-04
      2.1484421083994374E-02    3.0208862174277266E-04    1.2542317805194594E-08    1.6789479322526930E+02    8.6854750554276445E-04
      2.1796919184599865E-02    2.7487785599960988E-04    1.1917866115423734E-08    1.4629458126778195E+02    8.2530462444962093E-04
      2.2113962674746006E-02    2.5026815032727385E-04    1.1331298132718293E-08    1.2754977434107036E+02    7.8468516589953860E-04
      2.2435617668646084E-02    2.2800124876145317E-04    1.0780196130938920E-08    1.1127483568444079E+02    7.4652170389996662E-04
      2.2761951242166768E-02    2.0784509078264845E-04    1.0262297030016124E-08    9.7137099729768238E+01    7.1065752160002246E-04
      2.3093031446815668E-02    1.8959115011999510E-04    9.7754838201655270E-09    8.4849453158321353E+01    6.7694601742286913E-04
      2.3428927323932369E-02    1.7305203435452767E-04    9.3177770920991442E-09    7.4164030004851782E+01    6.4525011853825071E-04
      2.3769708919085863E-02    1.5805932293970286E-04    8.8873267673877298E-09    6.4866782145933044E+01    6.1544170819536096E-04
      2.4115447296681414E-02    1.4446162282239774E-04    8.4824041270074181E-09    5.6772804929775589E+01    5.8740107370478466E-04
      2.4466214554779844E-02    1.3212282109612938E-04    8.1013941638531924E-09    4.9722313313937150E+01    5.6101637685493399E-04
      2.4822083840132431E-02    1.2092051604957967E-04    7.7427882951314488E-09    4.3577178236692951E+01    5.3618314924988413E-04
      2.5183129363434451E-02    1.1074460925783000E-04    7.4051774510959898E-09    3.8217945197112186E+01    5.1280381370875005E-04
      2.5549426414800593E-02    1.0149604276360885E-04    7.0872455454456177E-09    3.3541267734890582E+01    4.9078723209488586E-04
      2.5921051379465480E-02    9.3085666789079715E-05    6.7877633259700682E-09    2.9457697815035495E+01    4.7004827947703975E-04
      2.6298081753712545E-02    8.5433224696408378E-05    6.5055825955836717E-09    2.5889783171624913E+01    4.5050744393962150E-04
      2.6680596161034676E-02    7.8466443191311860E-05    6.2396307918448873E-09    2.2770428647116404E+01    4.3209045121788938E-04
      2.7068674368529735E-02    7.2120216951908309E-05    5.9889059130602857E-09    2.0041484585958184E+01    4.1472791333388789E-04
      2.7462397303534763E-02    6.6335877884808475E-05    5.7524717741392394E-09    1.7652530508318797E+01    3.9835500006741209E-04
      2.7861847070502020E-02    6.1060540201409634E-05    5.5294535750708502E-09    1.5559826757118490E+01    3.8291113207586234E-04
      2.8267106968120535E-02    5.6246513404345102E-05    5.3190337647601144E-09    1.3725410652113606E+01    3.6833969446753781E-04
      2.8678261506686658E-02    5.1850776085149941E-05    5.1204481829777913E-09    1.2116316985605989E+01    3.5458776963412624E-04
      2.9095396425727307E-02    4.7834504170216633E-05    4.9329824637032283E-09    1.0703905531385434E+01    3.4160588818448969E-04
      2.9518598711879541E-02    4.4162647907951379E-05    4.7559686830207378E-09    9.4632806738030482E+00    3.2934779681362719E-04
      2.9947956617030185E-02    4.0803552489349418E-05    4.5887822355432592E-09    8.3727903576952833E+00    3.1777024199700630E-04
      3.0383559676719317E-02    3.7728617738068240E-05    4.4308389249480188E-09    7.4135933587937872E+00    3.0683276851201411E-04
      3.0825498728811435E-02    3.4911992777497992E-05    4.2815922540706739E-09    6.5692854152489195E+00    2.9649753177870533E-04
      3.1273865932438208E-02    3.2330302016044359E-05    4.1405309010152077E-09    5.8255760867809521E+00    2.8672912308202330E-04
      3.1728754787216734E-02    2.9962399178325765E-05    4.0071763685625375E-09    5.1700093460319705E+00    2.7749440679484568E-04
      3.2190260152747362E-02    2.7789146455703414E-05    3.8810807949556577E-09    4.5917218840034559E+00    2.6876236877625235E-04
      3.2658478268395096E-02    2.5793216158715356E-05    3.7618249149000785E-09    4.0812339508882678E+00    2.6050397517210673E-04
      3.3133506773358738E-02    2.3958912530491061E-05    3.6490161603587368E-09    3.6302682747057045E+00    2.5269204089631536E-04
      3.3615444727031950E-02    2.2272011627279454E-05    3.5422868914111897E-09    3.2315932197297688E+00    2.4530110711895549E-04
      3.4104392629660446E-02    2.0719617393145888E-05    3.4412927481186040E-09    2.8788868791714104E+00    2.3830732713397743E-04
      3.4600452443299609E-02    1.9290032253244133E-05    3.3457111149602218E-09    2.5666192542755897E+00    2.3168836002240945E-04
      3.5103727613077257E-02    1.7972640726401297E-05    3.2552396899912373E-09    2.2899500655275395E+00    2.2542327156745368E-04
      3.5614323088765068E-02    1.6757804715350710E-05    3.1695951514244596E-09    2.0446400801115723E+00    2.1949244191611701E-04
      3.6132345346664339E-02    1.5636769273752122E-05    3.0885119148509864E-09    1.8269741309216814E+00    2.1387747951753574E-04
      3.6657902411809849E-02    1.4601577774966167E-05    3.0117409747927355E-09    1.6336942529627994E+00    2.0856114090122749E-04
      3.7191103880496679E-02    1.3644995520269375E-05    2.9390488247833545E-09    1.4619415786643275E+00    2.0352725589338315E-04
      3.7732060943134742E-02    1.2760440923866793E-05    2.8702164504126094E-09    1.3092058192136480E+00    1.9876065788583338E-04
      3.8280886407435689E-02    1.1941923502725379E-05    2.8050383902996649E-09    1.1732813190463216E+00    1.9424711880904738E-04
      3.8837694721937141E-02    1.1183987979759630E-05    2.7433218603733277E-09    1.0522288084212272E+00    1.8997328848909849E-04
      3.9402601999869016E-02    1.0481663880113340E-05    2.6848859370376081E-09    9.4434209769154087E-01    1.8592663808240042E-04
      3.9975726043367042E-02    9.8304200648454777E-06    2.6295607951676696E-09    8.4811905929474218E-01    1.8209540730741296E-04
      4.0557186368038511E-02    9.2261237037671998E-06    2.5771869971579370E-09    7.6223633177507499E-01    1.7846855521167718E-04
      4.1147104227885201E-02    8.6650032406312563E-06    2.5276148295139420E-09    6.8552725632612344E-01    1.7503571423122400E-04
      4.1745602640588991E-02    8.1436149499223233E-06    2.4807036837325605E-09    6.1696262208266694E-01    1.7178714731692555E-04
      4.2352806413165120E-02    7.6588127256573879E-06    2.4363214784339201E-09    5.5563385314283309E-01    1.6871370791749843E-04
      4.2968842167988713E-02    7.2077207795232255E-06    2.3943441199304668E-09    5.0073831932255852E-01    1.6580680262425604E-04
      4.3593838369199694E-02    6.7877089586949074E-06    2.3546549986134764E-09    4.5156649499317081E-01    1.6305835629619542E-04
      4.4227925349491944E-02    6.3963704232369077E-06    2.3171445187129413E-09    4.0749072695570721E-01    1.6046077949616981E-04
      4.4871235337292092E-02    6.0315014495210085E-06    2.2817096591660581E-09    3.6795540395708937E-01    1.5800693808131134E-04
      4.5523902484333460E-02    5.6910831498161503E-06    2.2482535634801251E-09    3.3246834782845680E-01    1.5569012480129841E-04
      4.6186062893631252E-02    5.3732649194999826E-06    2.2166851566255623E-09    3.0059326991647817E-01    1.5350403276844196E-04
      4.6857854647864655E-02    5.0763494424017363E-06    2.1869187871242846E-09    2.7194315698573363E-01    1.5144273067253341E-04
      4.7539417838171651E-02    4.7987791019091493E-06    2.1588738926302976E-09    2.4617446853225622E-01    1.4950063962251441E-04
      4.8230894593362737E-02    4.5391236608113069E-06    2.1324746874165096E-09    2.2298204283654555E-01    1.4767251150513797E-04
      4.8932429109559597E-02    4.2960690865979690E-06    2.1076498702843891E-09    2.0209462242212489E-01    1.4595340875789867E-04
      4.9644167680264778E-02    4.0684074113013724E-06    2.0843323515217682E-09    1.8327092115315113E-01    1.4433868546103457E-04
      5.0366258726868826E-02    3.4832216619154059E-06    1.8624710599113937E-09    1.5025739794086834E-01    1.2897493257280220E-04
      5.1098852829601096E-02    3.1351081884483950E-06    1.7518241296642476E-09    1.2950690029796214E-01    1.2131270325005927E-04
      5.1842102758930877E-02    3.0880308796988752E-06    1.8018621609448693E-09    1.2215398411415263E-01    1.2477780499011045E-04
      5.2596163507424999E-02    3.0284916502609957E-06    1.8453494842174420E-09    1.1471970132369089E-01    1.2778927438020050E-04
      5.3361192322069262E-02    2.9672973079486223E-06    1.8881083521346234E-09    1.0763618955667564E-01    1.3075029870171140E-04
      5.4137348737059374E-02    2.9062254086336201E-06    1.9311196563817457E-09    1.0095135974370903E-01    1.3372880407800690E-04
      5.4924794607069428E-02    2.8459138987340201E-06    1.9747670869539668E-09    9.4665178790366594E-02    1.3675136079644316E-04
      5.5723694141003942E-02    2.7866471243738185E-06    2.0192516211765265E-09    8.8763844754434412E-02    1.3983188640856199E-04
      5.6534213936240973E-02    2.7285643005202765E-06    2.0647004747772711E-09    8.3228859996424751E-02    1.4297919052234836E-04
      5.7356523013373226E-02    2.6717343619857844E-06    2.1112058605611638E-09    7.8040250492089666E-02    1.4619965881571077E-04
      5.8190792851454523E-02    2.6161883020867656E-06    2.1588415836525582E-09    7.3177910285754405E-02    1.4949840224642025E-04
      5.9037197423758986E-02    2.5619350310753551E-06    2.2076711141112600E-09    6.8622216441955763E-02    1.5287981607562214E-04
      5.9895913234060266E-02    2.5089699075894628E-06    2.2577519025794351E-09    6.4354320176827504E-02    1.5634787872363074E-04
      6.0767119353438530E-02    2.4572796651776389E-06    2.3091378641995729E-09    6.0356280254333941E-02    1.5990632377966353E-04
      6.1650997457622772E-02    2.4068454196985651E-06    2.3618808966257648E-09    5.6611114313758898E-02    1.6355874512315372E-04
      6.2547731864876319E-02    2.3576445884351607E-06    2.4160318555552401E-09    5.3102805568830451E-02    1.6730866447868666E-04
      6.3457509574433357E-02    2.3096519916121809E-06    2.4716410270176456E-09    4.9816281031302215E-02    1.7115956412173098E-04
      6.4380520305494612E-02    2.2628388953320783E-06    2.5287564988110019E-09    4.6737342635879267E-02    1.7511477410161780E-04
      6.5316956536790066E-02    2.2171726799250123E-06    2.5874229293875221E-09    4.3852617877367835E-02    1.7917738698766911E-04
      6.6267013546717365E-02    2.1726209482452050E-06    2.6476854724369885E-09    4.1149597729749014E-02    1.8335052964409262E-04
      6.7230889454063789E-02    2.1291525296214850E-06    2.7095909277412578E-09    3.8616599802708332E-02    1.8763744292592184E-04
      6.8208785259320712E-02    2.0867373452335834E-06    2.7731877109643776E-09    3.6242710528147301E-02    1.9204147958700113E-04
      6.9200904886599163E-02    2.0453463256494370E-06    2.8385258679992078E-09    3.4017732527318170E-02    1.9656610527347989E-04
      7.0207455226154472E-02    2.0049513524384890E-06    2.9056571104942477E-09    3.1932136120039790E-02    2.0121490098402267E-04
      7.1228646177530081E-02    1.9655252105668571E-06    2.9746348605102847E-09    2.9977014384179684E-02    2.0599156616225381E-04
      7.2264690693328623E-02    1.9270415481230399E-06    3.0455143023032053E-09    2.8144041425662895E-02    2.1089992228268381E-04
      7.3315804823619629E-02    1.8894748393029767E-06    3.1183524367991268E-09    2.6425433552969637E-02    2.1594391662307753E-04
      7.4382207760993302E-02    1.8528003528339707E-06    3.1932081433241092E-09    2.4813913173773662E-02    2.2112762653919745E-04
      7.5464121886269414E-02    1.8169941206390082E-06    3.2701422411879125E-09    2.3302675142756545E-02    2.2645526372943946E-04
      7.6561772814871323E-02    1.7820329116479380E-06    3.3492175600212412E-09    2.1885355452631219E-02    2.3193117910564218E-04
      7.7675389443874143E-02    1.7478942041550045E-06    3.4304990079853098E-09    2.0556002016151115E-02    2.3755986751655594E-04
      7.8805203999737894E-02    1.7145561619338409E-06    3.5140536476034475E-09    1.9309047460042195E-02    2.4334597299913282E-04
      7.9951452086733946E-02    1.6819976115017798E-06    3.5999507750652943E-09    1.8139283756351335E-02    2.4929429427029184E-04
      8.1114372736076884E-02    1.6501980182469166E-06    3.6882619984955107E-09    1.7041838540727498E-02    2.5540979014697715E-04
      8.2294208455770262E-02    1.6191374671581692E-06    3.7790613275536492E-09    1.6012153063472371E-02    2.6169758575089177E-04
      8.3491205281177844E-02    1.5887966427691640E-06    3.8724252637380983E-09    1.5045961601615886E-02    2.6816297876198841E-04
      8.4705612826330101E-02    1.5591568084374337E-06    3.9684328911289026E-09    1.4139272237062201E-02    2.7481144570235135E-04
      8.5937684335977288E-02    1.5301997892201915E-06    4.0671659782476051E-09    1.3288348947608410E-02    2.8164864898992626E-04
      8.7187676738399250E-02    1.5019079549106924E-06    4.1687090837664960E-09    1.2489694886899287E-02    2.8868044425881754E-04
      8.8455850698983818E-02    1.4742642025057926E-06    4.2731496639519571E-09    1.1740036767989764E-02    2.9591288779967184E-04
      8.9742470674584116E-02    1.4472519393165817E-06    4.3805781850763689E-09    1.1036310287242161E-02    3.0335224434413055E-04
      9.1047804968666851E-02    1.4208550685843014E-06    4.4910882470263927E-09    1.0375646531609137E-02    3.1100499562462488E-04
      9.2372125787262435E-02    1.3950579747631678E-06    4.6047767107574529E-09    9.7553592796831637E-03    3.1887784920051700E-04
      9.3715709295729227E-02    1.3698455092342944E-06    4.7217438319999852E-09    9.1729331429669970E-03    3.2697774771717263E-04
      9.5078835676343218E-02    1.3452029759166772E-06    4.8420933995395694E-09    8.6260124875448783E-03    3.3531187848177216E-04
      9.6461789186725405E-02    1.3211161179875365E-06    4.9659328828115307E-09    8.1123910920423165E-03    3.4388768368414220E-04
      9.7864858219119125E-02    1.2975711058464273E-06    5.0933735903046422E-09    7.6300024922769582E-03    3.5271287136611146E-04
      9.9288335360529487E-02    1.2745545248401089E-06    5.2245308341601437E-09    7.1769109571748636E-03    3.6179542681988736E-04
      1.0073251745373747E-01    1.2520533634175521E-06    5.3595241037593400E-09    6.7513030582866274E-03    3.7114362460888642E-04
      1.0219770565920203E-01    1.2300550018184926E-06    5.4984772494584711E-09    6.3514797937626131E-03    3.8076604129125719E-04
      1.0368420551786159E-01    1.2085472008357344E-06    5.6415186750046249E-09    5.9758492273597440E-03    3.9067156874455914E-04
      1.0519232701484992E-01    1.1875180909363513E-06    5.7887815406351165E-09    5.6229196098724335E-03    4.0086942823026509E-04
      1.0672238464413843E-01    1.1669561625028130E-06    5.9404039814182986E-09    5.2912929543248687E-03    4.1136918551372322E-04
      1.0827469747411866E-01    1.1468502559822385E-06    6.0965293362131016E-09    4.9796590286789160E-03    4.2218076671945884E-04
      1.0984958921413877E-01    1.1271895523098838E-06    6.2573063896621824E-09    4.6867897403500090E-03    4.3331447508904581E-04
      1.1144738828200780E-01    1.1079635636600058E-06    6.4228896284099799E-09    4.4115338868204960E-03    4.4478100872404335E-04
      1.1306842787248186E-01    1.0891621245088454E-06    6.5934395125027822E-09    4.1528122480415210E-03    4.5659147938027723E-04
      1.1471304602674634E-01    1.0707753829917602E-06    6.7691227629797074E-09    3.9096129979465872E-03    4.6875743238333230E-04
      1.1638158570290882E-01    1.0527937926254943E-06    6.9501126673422052E-09    3.6809874142419491E-03    4.8129086778212003E-04
      1.1807439484751776E-01    1.0352081040530222E-06    7.1365894016832351E-09    3.4660458655822826E-03    4.9420426265611868E-04
      1.1979182646812032E-01    1.0180093570865534E-06    7.3287403727162654E-09    3.2639540589337848E-03    5.0751059480066355E-04
      1.2153423870687685E-01    1.0011888733626212E-06    7.5267605833944501E-09    3.0739295309223620E-03    5.2122336804584133E-04
      1.2330199491524532E-01    9.8473824900243079E-07    7.7308530195189852E-09    2.8952383650789519E-03    5.3535663902887242E-04
      1.2509546372975242E-01    9.6864934749089868E-07    7.9412290602945018E-09    2.7271921209255081E-03    5.4992504562480964E-04
      1.2691501914886652E-01    9.5291429278606699E-07    8.1581089146237270E-09    2.5691449610467437E-03    5.6494383715966542E-04
      1.2876104061098900E-01    9.3752546263930866E-07    8.3817220848236571E-09    2.4204909631228648E-03    5.8042890652246053E-04
      1.3063391307357994E-01    9.2247548212836515E-07    8.6123078597343468E-09    2.2806616048272870E-03    5.9639682431269364E-04
      1.3253402709343451E-01    9.0775721739533064E-07    8.8501158392539175E-09    2.1491234102677228E-03    6.1286487516405577E-04
      1.3446177890812736E-01    8.9336376958289638E-07    9.0954064924847964E-09    2.0253757474080034E-03    6.2985109639570073E-04
      1.3641757051864131E-01    8.7928846895760578E-07    9.3484517517806664E-09    1.9089487665972138E-03    6.4737431914961812E-04
      1.3840180977319821E-01    8.6552486922589047E-07    9.6095356453154940E-09    1.7994014710271836E-03    6.6545421219563465E-04
      1.4041491045230881E-01    8.5206674202711111E-07    9.8789549707667663E-09    1.6963199104979019E-03    6.8411132858354822E-04
      1.4245729235506005E-01    8.3890807161593703E-07    1.0157020013193737E-08    1.5993154905008192E-03    7.0336715535573879E-04
      1.4452938138665714E-01    8.2604304971540254E-07    1.0444055310144704E-08    1.5080233890919048E-03    7.2324416653035890E-04
      1.4663160964723915E-01    8.1346607057526928E-07    1.0740400467694841E-08    1.4221010746239952E-03    7.4376587961143281E-04
      1.4876441552198649E-01    8.0117172604348856E-07    1.1046411028343925E-08    1.3412269174682887E-03    7.6495691569022093E-04
      1.5092824377253858E-01    7.8915480096607161E-07    1.1362459399270071E-08    1.2650988902066173E-03    7.8684306372619789E-04
      1.5312354562974240E-01    7.7741026874705917E-07    1.1688935842676704E-08    1.1934333502517289E-03    8.0945134912794908E-04
      1.5535077888774818E-01    7.6593328702408495E-07    1.2026249532142435E-08    1.1259638995081323E-03    8.3281010690472522E-04
      1.5761040799947562E-01    7.5471919350244947E-07    1.2374829680338638E-08    1.0624403161797569E-03    8.5694905976016532E-04
      1.5990290417346781E-01    7.4376350196243614E-07    1.2735126743536842E-08    1.0026275540953797E-03    8.8189940150366474E-04
      1.6222874547215360E-01    7.3306189840804762E-07    1.3107613707985564E-08    9.4630480515761064E-04    9.0769388613115066E-04
      1.6458841691154039E-01    7.2261023738149162E-07    1.3492787464514457E-08    8.9326462089198806E-04    9.3436692301554134E-04
      1.6698241056235552E-01    7.1240453843164629E-07    1.3891170277625840E-08    8.4331208928170825E-04    9.6195467864039843E-04
      1.6941122565265992E-01    7.0244098274454985E-07    1.4303311356155234E-08    7.9626406335042645E-04    9.9049518536716572E-04
      1.7187536867195427E-01    6.9271590992309752E-07    1.4729788532725901E-08    7.5194843816025038E-04    1.0200284577363255E-03
      1.7437535347679819E-01    6.8322581491948139E-07    1.5171210060066714E-08    7.1020347313036319E-04    1.0505966168612641E-03
      1.7691170139796733E-01    6.7396734514807263E-07    1.5628216533455138E-08    6.7087715680592638E-04    1.0822440235562225E-03
      1.7948494134916793E-01    6.6493729772091404E-07    1.6101482947377679E-08    6.3382661130458756E-04    1.1150174207587196E-03
      1.8209560993733337E-01    6.5613261687754244E-07    1.6591720898009141E-08    5.9891753398222251E-04    1.1489660860498354E-03
      1.8474425157452462E-01    6.4755039155336524E-07    1.7099680941138938E-08    5.6602367388845754E-04    1.1841419949391043E-03
      1.8743141859145823E-01    6.3918785311037468E-07    1.7626155117720545E-08    5.3502634082213145E-04    1.2205999957572028E-03
      1.9015767135268619E-01    6.3104237324796662E-07    1.8171979660158195E-08    5.0581394492693718E-04    1.2583979970645762E-03
      1.9292357837345039E-01    6.2311146205783656E-07    1.8738037892002410E-08    4.7828156485665705E-04    1.2975971684535054E-03
      1.9572971643823783E-01    6.1539276625708634E-07    1.9325263336622937E-08    4.5233054272658180E-04    1.3382621558217223E-03
      1.9857667072105856E-01    6.0788406759579477E-07    1.9934643050689487E-08    4.2786810414874863E-04    1.3804613122138255E-03
      2.0146503490747469E-01    6.0058328141092865E-07    2.0567221198685381E-08    4.0480700174369989E-04    1.4242669453540687E-03
      2.0439541131840380E-01    5.9348845538759143E-07    2.1224102888864415E-08    3.8306518068835781E-04    1.4697555832839271E-03
      2.0736841103572293E-01    5.8659776846300375E-07    2.1906458288590615E-08    3.6256546486316231E-04    1.5170082593467492E-03
      2.1038465402969958E-01    5.7990952992209637E-07    2.2615527042193104E-08    3.4323526233395377E-04    1.5661108181213874E-03
      2.1344476928827660E-01    5.7342217867826277E-07    2.3352623014556535E-08    3.2500628894516318E-04    1.6171542439128092E-03
      2.1654939494823705E-01    5.6713428272136501E-07    2.4119139384975942E-08    3.0781430887504967E-04    1.6702350134982949E-03
      2.1969917842827727E-01    5.6104453874013908E-07    2.4916554118669016E-08    2.9159889109359069E-04    1.7254554750261728E-03
      2.2289477656401521E-01    5.5515177196455883E-07    2.5746435847367850E-08    2.7630318074945586E-04    1.7829242552430450E-03
      2.2613685574496334E-01    5.4945493614894905E-07    2.6610450187492704E-08    2.6187368450945523E-04    1.8427566970232886E-03
      2.2942609205349229E-01    5.4395311376643984E-07    2.7510366533224664E-08    2.4826006901570443E-04    1.9050753297850046E-03
      2.3276317140581748E-01    5.3864551638394686E-07    2.8448065360383001E-08    2.3541497162546236E-04    1.9700103752788639E-03
      2.3614878969503536E-01    5.3353148522363663E-07    2.9425546081503690E-08    2.2329382267164639E-04    2.0377002915472823E-03
      2.3958365293624048E-01    5.2861049190491193E-07    3.0444935495166244E-08    2.1185467852498981E-04    2.1082923580349145E-03
      2.4306847741375354E-01    5.2388213937583845E-07    3.1508496876872719E-08    2.0105806479119904E-04    2.1819433051262242E-03
      2.4660398983049048E-01    5.1934616302366378E-07    3.2618639761522056E-08    1.9086682901089415E-04    2.2588199915755890E-03
      2.5019092745950455E-01    5.1500243196313530E-07    3.3777930471968608E-08    1.8124600227438438E-04    2.3391001336032632E-03
      2.5383003829773271E-01    5.1085095050800907E-07    3.4989103452952860E-08    1.7216266920322065E-04    2.4229730897628479E-03
      2.5752208122197773E-01    5.0689185978996524E-07    3.6255073471624196E-08    1.6358584577107977E-04    2.5106407058197080E-03
      2.6126782614715954E-01    5.0312543956277002E-07    3.7578948755550515E-08    1.5548636449599776E-04    2.6023182245497544E-03
      2.6506805418686868E-01    4.9955211015278068E-07    3.8964045139552180E-08    1.4783676653908949E-04    2.6982352653986716E-03
      2.6892355781625438E-01    4.9617243453975964E-07    4.0413901299449393E-08    1.4061120028384627E-04    2.7986368794092006E-03
      2.7283514103728229E-01    4.9298712057640121E-07    4.1932295158687453E-08    1.3378532600460358E-04    2.9037846853694725E-03
      2.7680361954639610E-01    4.8999702333323745E-07    4.3523261558843439E-08    1.2733622625039798E-04    3.0139580934843207E-03
      2.8082982090461706E-01    4.8720314750844778E-07    4.5191111287509872E-08    1.2124232158293742E-04    3.1294556230440844E-03
      2.8491458471011949E-01    4.8460664994321753E-07    4.6940451572563306E-08    1.1548329135768561E-04    3.2505963216396300E-03
      2.8905876277331366E-01    4.8220884216395097E-07    4.8776208149269473E-08    1.1003999922593380E-04    3.3777212932953084E-03
      2.9326321929447768E-01    4.8001119296216156E-07    5.0703649022129635E-08    1.0489442307967133E-04    3.5111953439616464E-03
      2.9752883104397232E-01    4.7801533093327301E-07    5.2728410043076250E-08    1.0002958915817666E-04    3.6514087527890842E-03
      3.0185648754507677E-01    4.7622304698876379E-07    5.4856522445051935E-08    9.5429510075013840E-05    3.7987791788107461E-03
      3.0624709125948441E-01    4.7463629675155087E-07    5.7094442468201621E-08    9.1079126517107663E-05    3.9537537125373459E-03
      3.1070155777549596E-01    4.7325720280197652E-07    5.9449083230142665E-08    8.6964252397166158E-05    4.1168110829530591E-03
      3.1522081599895091E-01    4.7208805673068485E-07    6.1927848999955192E-08    8.3071523252578762E-05    4.2884640309674843E-03
      3.1980580834693517E-01    4.7113132087171049E-07    6.4538672033831655E-08    7.9388347683264103E-05    4.4692618602608716E-03
      3.2445749094430676E-01    4.7038962972968076E-07    6.7290052156206513E-08    7.5902861660826382E-05    4.6597931782521047E-03
      3.2917683382308022E-01    4.6986579094735742E-07    7.0191099257883520E-08    7.2603885522993700E-05    4.8606888390668908E-03
      3.3396482112471049E-01    4.6956278572074221E-07    7.3251578896683746E-08    6.9480883492625324E-05    5.0726251013535504E-03
      3.3882245130531957E-01    4.6948376858693957E-07    7.6481961196080928E-08    6.6523925574409461E-05    5.2963270144823086E-03
      3.4375073734390826E-01    4.6963206643446531E-07    7.9893473232187515E-08    6.3723651681499061E-05    5.5325720463106605E-03
      3.4875070695359611E-01    4.7001117660676008E-07    8.3498155105942663E-08    6.1071237859248599E-05    5.7821939661466069E-03
      3.5382340279593438E-01    4.7062476393334146E-07    8.7308919893417400E-08    5.8558364478455518E-05    6.0460869962690421E-03
      3.5896988269833557E-01    4.7147665656391560E-07    9.1339617673984801E-08    5.6177186285721035E-05    6.3252102458376865E-03
      3.6419121987466652E-01    4.7257084031744426E-07    9.5605103802982567E-08    5.3920304187463005E-05    6.6205924387314017E-03
      3.6948850314904863E-01    4.7391145146728882E-07    1.0012131162542027E-07    5.1780738680014267E-05    6.9333369489260332E-03
      3.7486283718291580E-01    4.7550276762265987E-07    1.0490532976723675E-07    4.9751904814440541E-05    7.2646271528646637E-03
      3.8031534270537176E-01    4.7734919647357540E-07    1.0997548413961686E-07    4.7827588608128033E-05    7.6157321082042295E-03
      3.8584715674690045E-01    4.7945526221124276E-07    1.1535142477923929E-07    4.6001924826547113E-05    7.9880125674472707E-03
      3.9145943287647533E-01    4.8182558917198152E-07    1.2105421755605954E-07    4.4269376039162739E-05    8.3829273286473993E-03
      3.9715334144211678E-01    4.8446488244753585E-07    1.2710644077625703E-07    4.2624712883021905E-05    8.8020399251017324E-03
      4.0293006981494905E-01    4.8737790520969707E-07    1.3353228666108014E-07    4.1062995472619871E-05    9.2470256526961826E-03
      4.0879082263680727E-01    4.9056945207405763E-07    1.4035766750498884E-07    3.9579555864361662E-05    9.7196789212890926E-03
      4.1473682207144513E-01    4.9404431847562794E-07    1.4761032639805464E-07    3.8169981548953315E-05    1.0221920922166785E-02
      4.2076930805939849E-01    4.9780726526082232E-07    1.5531995209668421E-07    3.6830099883533029E-05    1.0755807582767889E-02
      4.2688953857655249E-01    5.0186297825741551E-07    1.6351829764969117E-07    3.5555963430463996E-05    1.1323537781463116E-02
      4.3309878989647338E-01    5.0621602225514571E-07    1.7223930215450095E-07    3.4343836146761333E-05    1.1927461779094766E-02
      4.3939835685655376E-01    5.1087078887792918E-07    1.8151921485593694E-07    3.3190180378422613E-05    1.2570089812738487E-02
      4.4578955312802987E-01    5.1583143784632155E-07    1.9139672060438124E-07    3.2091644619798392E-05    1.3254100783600863E-02
      4.5227371148992612E-01    5.2110183117820541E-07    2.0191306547755650E-07    3.1045052004562696E-05    1.3982350956247650E-02
      4.5885218410698403E-01    5.2668545952509240E-07    2.1311218096995773E-07    3.0047389476708336E-05    1.4757882558642689E-02
      4.6552634281163441E-01    5.3258536058891145E-07    2.2504080512017507E-07    2.9095797639065073E-05    1.5583932170137741E-02
      4.7229757939007011E-01    5.3880402858961734E-07    2.3774859823111354E-07    2.8187561218676434E-05    1.6463938735023845E-02
      4.7916730587248013E-01    5.4534331472437600E-07    2.5128825080585404E-07    2.7320100148396787E-05    1.7401551037020849E-02
      4.8613695482750624E-01    5.5220431807769428E-07    2.6571558070230184E-07    2.6490961233743242E-05    1.8400634427174815E-02
      4.9320797966098012E-01    5.5938726653759716E-07    2.8108961603887661E-07    2.5697810380338018E-05    1.9465276565024170E-02
      5.0038185491900844E-01    5.6689138757088297E-07    2.9747265996749431E-07    2.4938425370474291E-05    2.0599791904087342E-02
      5.0766007659546486E-01    5.7471476893592395E-07    3.1493033296288881E-07    2.4210689182462462E-05    2.1808724620371346E-02
      5.1504416244395479E-01    5.8285420889941683E-07    3.3353158736980393E-07    2.3512583819049268E-05    2.3096849619755527E-02
      5.2253565229431842E-01    5.9130505667730055E-07    3.5334868884422702E-07    2.2842184657456510E-05    2.4469171252808820E-02
      5.3013610837373670E-01    6.0006104327121890E-07    3.7445715834133664E-07    2.2197655299704315E-05    2.5930919297492149E-02
      5.3784711563250787E-01    6.0911956374634703E-07    3.9693918101527973E-07    2.1577436343826875E-05    2.7487785023292993E-02
      5.4567028207456370E-01    6.1844891463852865E-07    4.2086182020458912E-07    2.0979095144861177E-05    2.9144412523615840E-02
      5.5360723909279130E-01    6.2772515215586318E-07    4.4608646090646011E-07    2.0390978973260455E-05    3.0891202797958005E-02
      5.6165964180923367E-01    6.3698429790023498E-07    4.7270745661771374E-07    1.9814489983350287E-05    3.2734689765773303E-02
      5.6982916942023853E-01    6.4632809863612855E-07    5.0087697015364515E-07    1.9252752757365628E-05    3.4685410604935359E-02
      5.7811752554662676E-01    6.5578229876911681E-07    5.3070361013251113E-07    1.8706180118219093E-05    3.6750886392962104E-02
      5.8652643858895481E-01    6.6535382450580595E-07    5.6228867085282547E-07    1.8174551601261448E-05    3.8938131695396061E-02
      5.9505766208794419E-01    6.7504063807123391E-07    5.9573196356914619E-07    1.7657393320289807E-05    4.1254058377932092E-02
      6.0371297509015309E-01    6.8483551986743372E-07    6.3113395570336686E-07    1.7154125193057807E-05    4.3705623745434338E-02
      6.1249418251896770E-01    6.9472769807408604E-07    6.6859656246759794E-07    1.6664125863553055E-05    4.6299885361315761E-02
      6.2140311555099093E-01    7.0470366130554495E-07    7.0822340919973392E-07    1.6186765543171753E-05    4.9044019214108697E-02
      6.3044163199790071E-01    7.1474760978493699E-07    7.5011983791211831E-07    1.5721424170619629E-05    5.1945320170955822E-02
      6.3961161669386923E-01    7.2484173889014314E-07    7.9439277593808943E-07    1.5267502242231095E-05    5.5011192881467157E-02
      6.4891498188861263E-01    7.3496644606900502E-07    8.4115052449923231E-07    1.4824427707245606E-05    5.8249137136137268E-02
      6.5835366764615966E-01    7.4510050992166959E-07    8.9050250295912999E-07    1.4391660652822913E-05    6.1666730156080631E-02
      6.6792964224942020E-01    7.5522126894539809E-07    9.4255897461001749E-07    1.3968696677646158E-05    6.5271607603932427E-02
      6.7764490261063837E-01    7.6530493858626170E-07    9.9743093888684389E-07    1.3555071597435915E-05    6.9071456119741068E-02
      6.8750147468781542E-01    7.7532892489587976E-07    1.0552327947542085E-06    1.3150398439506304E-05    7.3074197758814310E-02
      6.9750141390719134E-01    7.8527994939752032E-07    1.1160940031646401E-06    1.2754488872473804E-05    7.7288797609513793E-02
      7.0764680559186743E-01    7.9515002605527293E-07    1.1801557013055130E-06    1.2367253226232780E-05    8.1725029332014421E-02
      7.1793976539667004E-01    8.0492860258721576E-07    1.2475603008574473E-06    1.1988563862259125E-05    8.6392754844335160E-02
      7.2838243974933170E-01    8.1460360317269450E-07    1.3184524045636103E-06    1.1618277707785173E-05    9.1301987794178405E-02
      7.3897700629809626E-01    8.2416208302611633E-07    1.3929793912886033E-06    1.1256248746211509E-05    9.6462934073884565E-02
      7.4972567436583082E-01    8.3359056802967160E-07    1.4712916548068402E-06    1.0902333650489580E-05    1.0188600835637497E-01
      7.6063068541074230E-01    8.4287526826840110E-07    1.5535427078148678E-06    1.0556394531643859E-05    1.0758184129793864E-01
      7.7169431349379969E-01    8.5200222599861921E-07    1.6398892136645964E-06    1.0218300183962434E-05    1.1356128173573833E-01
      7.8291886575294944E-01    8.6095742288556323E-07    1.7304909675594121E-06    9.8879264520093051E-06    1.1983539538565317E-01
      7.9430668288423212E-01    8.6972685863216931E-07    1.8255108345784461E-06    9.5651560564515043E-06    1.2641546055049904E-01
      8.0586013962989678E-01    8.7829660970737119E-07    1.9251146499165634E-06    9.2498781034487039E-06    1.3331296121171132E-01
      8.1758164527361310E-01    8.8665287345334903E-07    2.0294710831430974E-06    8.9419874160464286E-06    1.4053957762934879E-01
      8.2947364414288960E-01    8.9478199991634292E-07    2.1387514635544186E-06    8.6413837660667502E-06    1.4810717424787068E-01
      8.4153861611879632E-01    9.0267051009745381E-07    2.2531295552618190E-06    8.3479710343796945E-06    1.5602778412111595E-01
      8.5377907715310419E-01    9.1030510140939058E-07    2.3727812734508736E-06    8.0616563430975841E-06    1.6431358926344519E-01
      8.6619757979294609E-01    9.1767263862494332E-07    2.4978843256061593E-06    7.7823491730117352E-06    1.7297689580478137E-01
      8.7879671371310686E-01    9.2476013448126373E-07    2.6286177747087726E-06    7.5099605268148671E-06    1.8203010374231660E-01
      8.9157910625605863E-01    9.3155473169953064E-07    2.7651615457259529E-06    7.2444022407807383E-06    1.9148567276523329E-01
      9.0454742297985113E-01    9.3804369019091566E-07    2.9076958824626793E-06    6.9855864540633249E-06    2.0135608464202398E-01
      9.1770436821396695E-01    9.4421438159236536E-07    3.0564007601760023E-06    6.7334252256549260E-06    2.1165380254440849E-01
      9.3105268562326715E-01    9.5005428354948858E-07    3.2114552294969726E-06    6.4878302207078992E-06    2.2239122561434610E-01
      9.4459515878013867E-01    9.5555097360159810E-07    3.3730366851662015E-06    6.2487124577709488E-06    2.3358063832443968E-01
      9.5833461174495915E-01    9.6069212319682619E-07    3.5413200549180363E-06    6.0159821136660799E-06    2.4523415430868237E-01
      9.7227390965501126E-01    9.6546549423773598E-07    3.7164769110726345E-06    5.7895483933834229E-06    2.5736365484077550E-01
      9.8641595932195902E-01    9.6985893409994812E-07    3.8986744844387239E-06    5.5693194310719614E-06    2.6998072054752398E-01
      1.0007637098380155E+00    9.7386037561888298E-07    4.0880745983531114E-06    5.3552022554753060E-06    2.8309655759175240E-01
      1.0153201531909284E+00    9.7745783729188269E-07    4.2848325005547276E-06    5.1471027818397553E-06    2.9672191678032783E-01
      1.0300883248879082E+00    9.8063942969845105E-07    4.4890956126135988E-06    4.9449258568854608E-06    3.1086700696291408E-01
      1.0450713045886357E+00    9.8339336330836059E-07    4.7010021744296981E-06    4.7485753212208548E-06    3.2554140116438207E-01
      1.0602722167474716E+00    9.8570796223019584E-07    4.9206798006320913E-06    4.5579541067354317E-06    3.4075393661637177E-01
      1.0756942312650144E+00    9.8757168202377649E-07    5.1482439404428431E-06    4.3729643513608956E-06    3.5651260810385021E-01
      1.0913405641491261E+00    9.8897313185954153E-07    5.3837962419299586E-06    4.1935075270363145E-06    3.7282445469067149E-01
      1.1072144781855811E+00    9.8990110086343469E-07    5.6274228204403054E-06    4.0194845753730848E-06    3.8969543980966143E-01
      1.1233192836184660E+00    9.9034459065307155E-07    5.8791924444822409E-06    3.8507960549904254E-06    4.0713032563614682E-01
      1.1396583388404751E+00    9.9029284935465743E-07    6.1391546164507606E-06    3.6873422775221952E-06    4.2513254017939678E-01
      1.1562350510932515E+00    9.8973541066785027E-07    6.4073375703339920E-06    3.5290234457538414E-06    4.4370403862507479E-01
      1.1730528771779078E+00    9.8866213473185259E-07    6.6837461719055739E-06    3.3757397797411353E-06    4.6284515792490072E-01
      1.1901153241758864E+00    9.8706325195053618E-07    6.9683597319819126E-06    3.2273916355418686E-06    4.8255446536611130E-01
      1.2074259501803042E+00    9.8492940778725967E-07    7.2611297244679498E-06    3.0838796100225075E-06    5.0282860054758516E-01
      1.2249883650379345E+00    9.8225170772712415E-07    7.5619774066366301E-06    2.9451046310358188E-06    5.2366211058571444E-01
      1.2428062311019807E+00    9.7902176310426883E-07    7.8707913500553335E-06    2.8109680372017093E-06    5.4504727913263584E-01
      1.2608832639958005E+00    9.7523173630937659E-07    8.1874248755215142E-06    2.6813716445626276E-06    5.6697394874715978E-01
      1.2792232333877376E+00    9.7087438145562116E-07    8.5116933616514735E-06    2.5562177921925894E-06    5.8942933451626045E-01
      1.2978299637772237E+00    9.6594308731299419E-07    8.8433714824631140E-06    2.4354093890567763E-06    6.1239783275944393E-01
      1.3167073352923175E+00    9.6043191257968339E-07    9.1821902926477870E-06    2.3188499373463373E-06    6.3586081918568360E-01
      1.3358592844988388E+00    9.5433561962702424E-07    9.5278342070099769E-06    2.2064435529369639E-06    6.5979643972154511E-01
      1.3552898052212747E+00    9.4764970421062483E-07    9.8799378506730015E-06    2.0980949785835240E-06    6.8417939238994097E-01
      1.3750029493756295E+00    9.4037041969815355E-07    1.0238082759777780E-05    1.9937095893554629E-06    7.0898069883562542E-01
      1.3950028278143809E+00    9.3249479673538303E-07    1.0601793932900738E-05    1.8931933951908492E-06    7.3416746551308454E-01
      1.4152936111837331E+00    9.2402065792794973E-07    1.0970536219867918E-05    1.7964530416287615E-06    7.5970263361421764E-01
      1.4358795307933379E+00    9.1494662860132073E-07    1.1343710549787909E-05    1.7033958124188132E-06    7.8554471786202407E-01
      1.4567648794986612E+00    9.0527214025805948E-07    1.1720649946682877E-05    1.6139296287291048E-06    8.1164753059559425E-01
      1.4779540125961907E+00    8.9499743404942005E-07    1.2100615406908694E-05    1.5279630597495792E-06    8.3795989628408452E-01
      1.4994513487316594E+00    8.8412355621605136E-07    1.2482791530034906E-05    1.4454053296374566E-06    8.6442534896794165E-01
      1.5212613708214826E+00    8.7265235474502020E-07    1.2866282007427169E-05    1.3661663374851647E-06    8.9098181984611557E-01
      1.5433886269875974E+00    8.6058647162881282E-07    1.3250104890239571E-05    1.2901566793228371E-06    9.1756130958754722E-01
      1.5658377315058969E+00    8.4792933646944151E-07    1.3633187710220743E-05    1.2172876806454831E-06    9.4408955045010379E-01
      1.5886133657684622E+00    8.3468516008853822E-07    1.4014362439392084E-05    1.1474714352859323E-06    9.7048565724151281E-01
      1.6117202792597913E+00    8.2085893272543771E-07    1.4392360371184263E-05    1.0806208551754280E-06    9.9666177284133028E-01
      1.6351632905472240E+00    8.0645642461188001E-07    1.4765806912605821E-05    1.0166497251035853E-06    1.0225227075619390E+00
      1.6589472882857768E+00    7.9148419495252488E-07    1.5133216423830338E-05    9.5547276794803654E-07    1.0479655817932532E+00
      1.6830772322375900E+00    7.7594961034069552E-07    1.5492987187755674E-05    8.9700571786751879E-07    1.0728794776479054E+00
      1.7075581543062059E+00    7.5986087351131585E-07    1.5843396608215525E-05    8.4116539901428399E-07    1.0971451064404589E+00
      1.7323951595858889E+00    7.4322706738619119E-07    1.6182596842378019E-05    7.8786981187263714E-07    1.1206345062338001E+00
      1.7575934274262104E+00    7.2605821593026470E-07    1.6508611050220004E-05    7.3703822462896755E-07    1.1432107821176227E+00
      1.7831582125121148E+00    7.0836536370072717E-07    1.6819330489213774E-05    6.8859126756874074E-07    1.1647279050173402E+00
      1.8090948459596996E+00    6.9016068092194461E-07    1.7112512847209610E-05    6.4245103322350545E-07    1.1850305962472631E+00
      1.8354087364279308E+00    6.7145758986079368E-07    1.7385782020679414E-05    5.9854117370851821E-07    1.2039543121541132E+00
      1.8621053712465321E+00    6.5227092325718447E-07    1.7636629953104341E-05    5.5678700171038713E-07    1.2213253714241945E+00
      1.8891903175602747E+00    6.3261711121344141E-07    1.7862420900796837E-05    5.1711558737403069E-07    1.2369612504888465E+00
      1.9166692234899156E+00    6.1251440097029964E-07    1.8060398761063398E-05    4.7945585162319239E-07    1.2506710909950405E+00
      1.9445478193100199E+00    5.9198311109129940E-07    1.8227698127745026E-05    4.4373865381314402E-07    1.2622564653945021E+00
      1.9728319186439149E+00    5.7104591987528874E-07    1.8361359790805709E-05    4.0989687079431511E-07    1.2715124502803239E+00
      2.0015274196760284E+00    5.4972818752553924E-07    1.8458351486266868E-05    3.7786546503962706E-07    1.2782290633066868E+00
      2.0306403063818537E+00    5.2805831127790340E-07    1.8515594798018010E-05    3.4758153999798519E-07    1.2821931261220836E+00
      2.0601766497758134E+00    5.0606810698156099E-07    1.8529999022666298E-05    3.1898437791856134E-07    1.2831906094885446E+00
      2.0901426091772684E+00    4.8379321375757110E-07    1.8498502978271495E-05    2.9201545906494856E-07    1.2810095285098564E+00
      2.1205444334949402E+00    4.6127351121652373E-07    1.8418125550142757E-05    2.6661845791788773E-07    1.2754434428957409E+00
      2.1513884625300257E+00    4.3855353716548047E-07    1.8286025701284868E-05    2.4273921314980875E-07    1.2662956126469669E+00
      2.1826811282982490E+00    4.1568289001099970E-07    1.8099572475784368E-05    2.2032566810532005E-07    1.2533838457451754E+00
      2.2144289563711590E+00    3.9271659554660431E-07    1.7856425202518384E-05    1.9932777841591526E-07    1.2365460522085430E+00
      2.2466385672369280E+00    3.6971541364098635E-07    1.7554623682929268E-05    1.7969738383927210E-07    1.2156464895376324E+00
      2.2793166776809475E+00    3.4674605571511317E-07    1.7192687564237913E-05    1.6138804188523634E-07    1.1905826442470107E+00
      2.3124701021865004E+00    3.2388127898802708E-07    1.6769723331603617E-05    1.4435482135804227E-07    1.1612926410040554E+00
      2.3461057543558130E+00    3.0119982076080272E-07    1.6285536491604313E-05    1.2855405563662524E-07    1.1277630112633821E+00
      2.3802306483517692E+00    2.7878613315014090E-07    1.5740745449809941E-05    1.1394305689830694E-07    1.0900365792161433E+00
      2.4148519003606048E+00    2.5672987736574202E-07    1.5136892369100506E-05    1.0047979426648541E-07    1.0482201386578220E+00
      2.4499767300758655E+00    2.3512514043610289E-07    1.4476545150260962E-05    8.8122542129966202E-08    1.0024915150793599E+00
      2.4856124622039575E+00    2.1406934029072534E-07    1.3763383333631912E-05    7.6829506756072926E-08    9.5310551430165946E-01
      2.5217665279915962E+00    1.9366179705789802E-07    1.3002259787443800E-05    6.6558443487394879E-08    9.0039819435336765E-01
      2.5584464667754703E+00    1.7400196260446475E-07    1.2199229309724093E-05    5.7266279909855599E-08    8.4478884613469973E-01
      2.5956599275544434E+00    1.5518731807913333E-07    1.1361534928717689E-05    4.8908762907011471E-08    7.8677904473029214E-01
      2.6334146705846306E+00    1.3731097737393074E-07    1.0497543423022977E-05    4.1440151445156006E-08    7.2694818421976659E-01
      2.6717185689976737E+00    1.2045906066788062E-07    9.6166228722622273E-06    3.4812977784922289E-08    6.6594499813978059E-01
      2.7105796104425455E+00    1.0470793161521368E-07    8.7289574054438463E-06    2.8977899819367720E-08    6.0447473092631188E-01
      2.7500058987512550E+00    9.0121413149326184E-08    7.8452970739418354E-06    2.3883663532790003E-08    5.4328181677807585E-01
      2.7900056556287565E+00    7.6748205706762739E-08    6.9766526390729798E-06    1.9477212720847780E-08    4.8312874389098343E-01
      2.8305872223674622E+00    6.4619628479462172E-08    6.1339409612304426E-06    1.5703941131463107E-08    4.2477149788189639E-01
      2.8717590615866722E+00    5.3747791311486383E-08    5.3275894517706844E-06    1.2508074212304546E-08    3.6893217033417208E-01
      2.9135297589973188E+00    4.4124490063303261E-08    4.5671311059161359E-06    9.8332063225524630E-09    3.1627091508455696E-01
      2.9559080251923771E+00    3.5720936331369558E-08    3.8608137410830737E-06    7.6229647563137499E-09    2.6735888822671283E-01
      2.9989026974633144E+00    2.8488408795424796E-08    3.2152515350172248E-06    5.8217680119892332E-09    2.2265411734943896E-01
      3.0425227416429612E+00    2.2359903736803202E-08    2.6351531974553138E-06    4.3756467894301725E-09    1.8248267759767089E-01
      3.0867772539751903E+00    1.7252715955900068E-08    2.1231512876307091E-06    3.2330723670387342E-09    1.4702687201864839E-01
      3.1316754630117893E+00    1.3071772109075144E-08    1.6797464739943660E-06    2.3457301316576065E-09    1.1632137158315491E-01
      3.1772267315369200E+00    9.7135336304862299E-09    1.3033783537947109E-06    1.6691926054325185E-09    9.0258119396239220E-02
      3.2234405585195782E+00    7.0702274856531804E-09    9.9062372789699824E-07    1.1634513202018898E-09    6.8600061101948995E-02
      3.2703265810944431E+00    5.0340812363506878E-09    7.3650490735841137E-07    7.9326934923175920E-10    5.1002494916945550E-02
      3.3178945765715486E+00    3.5012459307081427E-09    5.3487960188751431E-07    5.2833416668559931E-10    3.7040071157557440E-02
      3.3661544644751751E+00    2.3751529029365823E-09    3.7887922841764232E-07    3.4321264331331591E-10    2.6237144828830532E-02
      3.4151163086124066E+00    1.5690725605797790E-09    2.6135196347963386E-07    2.1712026380622438E-10    1.8098456718655741E-02
      3.4647903191717733E+00    1.0077589390403180E-09    1.7527118858832264E-07    1.3353638486737752E-10    1.2137417980180193E-02
      3.5151868548524163E+00    6.2828962166398679E-10    1.1409931933716219E-07    7.9723887345369385E-11    7.9013050644734465E-03
      3.5663164250242252E+00    3.7959748846548540E-10    7.1980172521287014E-08    4.6125122913758197E-11    4.9845810210620558E-03
      3.6181896919193948E+00    2.2176976625612408E-10    4.3909167878492297E-08    2.5804899389272587E-11    3.0406818598973668E-03
      3.6708174728558567E+00    1.2500076160818928E-10    2.5841982040108458E-08    1.3928300107333916E-11    1.7895407681282943E-03
      3.7242107424930597E+00    6.7864632797371257E-11    1.4649302925348382E-08    7.2412674070952181E-12    1.0144548807782543E-03
      3.7783806351205445E+00    3.5514915278871066E-11    8.0047292035691182E-09    3.6288372440134703E-12    5.5432239003111493E-04
      3.8333384469798264E+00    1.7923180084192671E-11    4.2180622873516418E-09    1.7537084755577749E-12    2.9209812211790262E-04
      3.8890956386200335E+00    8.7163550997491084E-12    2.1418702695480954E-09    8.1670059619393105E-13    1.4832314957301815E-04
      3.9456638372878250E+00    4.0755901751972859E-12    1.0456945979242380E-09    3.6568242616510368E-13    7.2413683714064490E-05
      4.0030548393520506E+00    1.8254216014479678E-12    4.8902157530573879E-10    1.5684200800884020E-13    3.3864432075902312E-05
      4.0612806127637011E+00    7.8015152320994161E-13    2.1821805176568443E-10    6.4189470669647144E-14    1.5111460853510596E-05
      4.1203532995516206E+00    3.1717955592570846E-13    9.2631691757010811E-11    2.4990540289850080E-14    6.4146855516957397E-06
      4.1802852183545296E+00    1.2218485490760907E-13    3.7257098045757086E-11    9.2187802252092204E-15    2.5800302682493267E-06
      4.2410888669898741E+00    4.4414933332415514E-14    1.4140248217934182E-11    3.2090074396380968E-15    9.7920316708572697E-07
      4.3027769250600452E+00    1.5308353969996603E-14    5.0887108096744267E-12    1.0591459999710253E-15    3.5238997678249715E-07
      4.3653622565964909E+00    5.0144084950581726E-15    1.7403576834126845E-12    3.3222527567753601E-16    1.2051865916315925E-07
      4.4288579127423109E+00    1.5461634973463873E-15    5.6027938302091802E-13    9.8096610408352431E-17    3.8798989795037110E-08
      4.4932771344738507E+00    4.4646800453534406E-16    1.6891522254360116E-13    2.7125300103409211E-17    1.1697271386926835E-08
      4.5586333553618887E+00    1.2050304074656391E-16    4.7599760019692315E-14    7.0108042567337825E-18    3.2962530109399130E-09
      4.6249402043729946E+00    3.0322986487824298E-17    1.2505591367994339E-14    1.6893803306450301E-18    8.6600422319948455E-10
      4.6922115087116181E+00    7.0874749463832521E-18    3.0517324657028178E-15    3.7812258913332601E-19    2.1133052613068659E-10
      4.7604612967035322E+00    1.5330048425048013E-18    6.8915871591822874E-16    7.8319559881422081E-20    4.7723801368350462E-11
      4.8297038007212025E+00    3.0575134287170248E-19    1.4350353596302421E-16    1.4958247333579704E-20    9.9375283048265308E-12
      4.8999534601517238E+00    5.5993790738021548E-20    2.7437871650936111E-17    2.6232388283616478E-21    1.9000551054409633E-12
      4.9712249244079079E+00    9.3791071354667473E-21    4.7982961696349432E-18    4.2077030627765857E-22    3.3227894825514441E-13
      5.0435330559831870E+00    1.4307549068486402E-21    7.6419450731287101E-19    6.1465929947536538E-23    5.2919982046793456E-14
      5.1168929335509352E+00    1.9773577096716158E-22    1.1026460652058315E-19    8.1346726201422603E-24    7.6357536486152718E-15
      5.1913198551088797E+00    2.4631790777416983E-23    1.4340312195736706E-20    9.7036796403483594E-25    9.9305746990026577E-16
      5.2668293411692559E+00    2.7525791089903400E-24    1.6730643257441838E-21    1.0384029132527189E-25    1.1585863708028981E-16
      5.3434371379953394E+00    2.7413611509963356E-25    1.7396015921761785E-22    9.9032551309289075E-27    1.2046630032744565E-17
      5.4211592208850838E+00    2.4194199280695058E-26    1.6028928666566078E-23    8.4032608433237234E-28    1.1099930831048557E-18
      5.5000117975025020E+00    1.8825997042677150E-27    1.3021287807760510E-24    6.3746584538091848E-29    9.0171587261971257E-20
      5.5800113112575076E+00    1.2830376657080931E-28    9.2646384344899322E-26    4.2435288013166806E-30    6.4157030040326000E-21
      5.6611744447349182E+00    7.6037756790789285E-30    5.7320062815898761E-27    2.4594048150552304E-31    3.9693777776611687E-22
      5.7435181231733363E+00    3.8962036094777774E-31    3.0661919234116383E-28    1.2346500969027676E-32    2.1233183435134863E-23
      5.8270595179946296E+00    1.7116356224878464E-32    1.4061924832294120E-29    5.3209997823044899E-34    9.7377932260339669E-25
      5.9118160503847461E+00    6.4198044428786769E-34    5.5054468016554352E-31    1.9727360361519496E-35    3.8124867833406250E-26
      5.9978053949266199E+00    1.9977071841023448E-35    1.7840542227029358E-32    7.5341988267466384E-37    1.2354461662898592E-27
