      1.5739455852146610E-03    4.6622318520030896E-02    7.6145564872856264E-10    6.5901993696246415E+07    5.2730317837324126E-05
      1.5968391509250449E-03    4.8467379056645603E-02    8.2663640014608593E-10    6.5605439113358334E+07    5.7244043285235025E-05
      1.6200657112166008E-03    5.0381220712540059E-02    8.9732117738908840E-10    6.5304727669980608E+07    6.2138919009786410E-05
      1.6436301096070438E-03    5.2366148826303076E-02    9.7396669507385044E-10    6.4999826533850580E+07    6.7446572206754748E-05
      1.6675372600646770E-03    5.4424532956900258E-02    1.0570667646700494E-09    6.4690707079358220E+07    7.3201199005345019E-05
      1.6917921480331182E-03    5.6558808075309365E-02    1.1471552327141372E-09    6.4377344873562530E+07    7.9439767937592514E-05
      1.7163998314709326E-03    5.8771475710138472E-02    1.2448091436334978E-09    6.4059719614697069E+07    8.6202238961917662E-05
      1.7413654419063864E-03    6.1065105049991041E-02    1.3506521442348975E-09    6.3737815040961564E+07    9.3531799221779113E-05
      1.7666941855075436E-03    6.3442333966816283E-02    1.4653581466128127E-09    6.3411618785127811E+07    1.0147511669973828E-04
      1.7923913441679267E-03    6.5905869892938507E-02    1.5896552666735090E-09    6.3081122130331665E+07    1.1008261295773892E-04
      1.8184622766079673E-03    6.8458490567416264E-02    1.7243300581800865E-09    6.2746319716433495E+07    1.1940875634202504E-04
      1.8449124194924822E-03    7.1103044647711722E-02    1.8702320623196354E-09    6.2407209217859976E+07    1.2951237703776370E-04
      1.8717472885643974E-03    7.3842452140809645E-02    2.0282786959307275E-09    6.2063790974959359E+07    1.4045700557567973E-04
      1.8989724797949684E-03    7.6679704672488178E-02    2.1994604987020361E-09    6.1716067621571593E+07    1.5231123619721250E-04
      1.9265936705507262E-03    7.9617865513246802E-02    2.3848467656032017E-09    6.1364043663488045E+07    1.6514911689675951E-04
      1.9546166207773997E-03    8.2660069331199557E-02    2.5855915863492580E-09    6.1007725017877869E+07    1.7905056765073454E-04
      1.9830471742010576E-03    8.5809521760371363E-02    2.8029403234339692E-09    6.0647118608014688E+07    1.9410182901724295E-04
      2.0118912595467218E-03    8.9069495051153677E-02    3.0382364295902677E-09    6.0282229493021756E+07    2.1039593424086733E-04
      2.0411548917747052E-03    9.2443346457644973E-02    3.2929295530764625E-09    5.9913073561312437E+07    2.2803327053856593E-04
      2.0708441733349298E-03    9.5934524362516579E-02    3.5685838892425824E-09    5.9539679563364677E+07    2.4712215744031313E-04
      2.1009652954395055E-03    9.9546551120910792E-02    3.8668862992419296E-09    5.9162076635759048E+07    2.6777940900469480E-04
      2.1315245393537866E-03    1.0328302513876843E-01    4.1896556787421441E-09    5.8780295724140853E+07    2.9013098259617163E-04
      2.1625282777062381E-03    1.0714762283004829E-01    4.5388530185311242E-09    5.8394370678447627E+07    3.1431267557562026E-04
      2.1939829758173416E-03    1.1114410081663401E-01    4.9165922232519934E-09    5.8004339261721253E+07    3.4047087449082692E-04
      2.2258951930478298E-03    1.1527629831144574E-01    5.3251517427072359E-09    5.7610244031292662E+07    3.6876336053687762E-04
      2.2582715841665347E-03    1.1954814003452607E-01    5.7669870944278124E-09    5.7212133260834977E+07    3.9936017673607957E-04
      2.2911189007381290E-03    1.2396363983293487E-01    6.2447443554747621E-09    5.6810061934613511E+07    4.3244456223661375E-04
      2.3244439925310563E-03    1.2852690516419893E-01    6.7612747128665934E-09    5.6404092823642388E+07    4.6821395992034811E-04
      2.3582538089459352E-03    1.3324214273376528E-01    7.3196501759466446E-09    5.5994297696905844E+07    5.0688110447425221E-04
      2.3925554004647445E-03    1.3811366537407621E-01    7.9231805593476386E-09    5.5580758612049818E+07    5.4867519844985669E-04
      2.4273559201210856E-03    1.4314585595563226E-01    8.5754291790129540E-09    5.5163552165608346E+07    5.9384299920271224E-04
      2.4626626249918274E-03    1.4834307762683366E-01    9.2802259271066113E-09    5.4742717743812799E+07    6.4264972432156282E-04
      2.4984828777104549E-03    1.5370967186444284E-01    1.0041685966853135E-08    5.4318265091806009E+07    6.9538034623407906E-04
      2.5348241480024213E-03    1.5924997165825130E-01    1.0864230596198418E-08    5.3890186156027339E+07    7.5234103700206104E-04
      2.5716940142428402E-03    1.6496822472858075E-01    1.1752603303732578E-08    5.3458435691588625E+07    8.1386028018385151E-04
      2.6091001650368219E-03    1.7086859463863677E-01    1.2711891646130710E-08    5.3022941635607481E+07    8.8029038583314965E-04
      2.6470504008228308E-03    1.7695519383755673E-01    1.3747552932840081E-08    5.2583623546119973E+07    9.5200926914721165E-04
      2.6855526354993054E-03    1.8323206252392060E-01    1.4865437673310854E-08    5.2140391931924388E+07    1.0294220741726180E-03
      2.7246148980749922E-03    1.8970314431586571E-01    1.6071813908177635E-08    5.1693147432763740E+07    1.1129628587240709E-03
      2.7642453343432599E-03    1.9637225858639704E-01    1.7373392360344100E-08    5.1241779927788913E+07    1.2030963360809585E-03
      2.8044522085807697E-03    2.0324306885157828E-01    1.8777352267292595E-08    5.0786167519770190E+07    1.3003196638583117E-03
      2.8452439052708551E-03    2.1031912036038369E-01    2.0291374890945332E-08    5.0326193021006688E+07    1.4051647645433119E-03
      2.8866289308519676E-03    2.1760386817188926E-01    2.1923678663832550E-08    4.9861754804541364E+07    1.5182007593450111E-03
      2.9286159154915553E-03    2.2510060440617333E-01    2.3683046453197325E-08    4.9392753094627522E+07    1.6400358562161954E-03
      2.9712136148857429E-03    2.3281239244577295E-01    2.5578853702806884E-08    4.8919081240630634E+07    1.7713192986558621E-03
      3.0144309120851863E-03    2.4074205821694988E-01    2.7621103238607748E-08    4.8440631089194760E+07    1.9127437759786313E-03
      3.0582768193474900E-03    2.4889228296503579E-01    2.9820473913559683E-08    4.7957317182882249E+07    2.0650487919384600E-03
      3.1027604800165642E-03    2.5726569743580857E-01    3.2188374245720576E-08    4.7469095576274492E+07    2.2290243791317972E-03
      3.1478911704293172E-03    2.6586481124179706E-01    3.4736979995659150E-08    4.6975948619391039E+07    2.4055137012094362E-03
      3.1936783018500850E-03    2.7469190720517411E-01    3.7479267508868811E-08    4.6477867030985847E+07    2.5954153618174026E-03
      3.2401314224331963E-03    2.8374900176103368E-01    4.0429055334214358E-08    4.5974846938407436E+07    2.7996862866478344E-03
      3.2872602192140820E-03    2.9303780533726898E-01    4.3601046818237291E-08    4.5466887821851790E+07    3.0193446730674462E-03
      3.3350745201293479E-03    3.0255968981202119E-01    4.7010874650666122E-08    4.4953992262898520E+07    3.2554730748656979E-03
      3.3835842960662278E-03    3.1231565907077141E-01    5.0675146908786529E-08    4.4436166482329354E+07    3.5092215907980484E-03
      3.4327996629418562E-03    3.2230631458433340E-01    5.4611493259917513E-08    4.3913420355797909E+07    3.7818110640779543E-03
      3.4827308838127637E-03    3.3253182292698091E-01    5.8838612162397733E-08    4.3385767959464327E+07    4.0745363510150522E-03
      3.5333883710150786E-03    3.4299183682494061E-01    6.3376309968010409E-08    4.2853222452633798E+07    4.3887690288331388E-03
      3.5847826883358444E-03    3.5368536401300571E-01    6.8245528065554722E-08    4.2315786285916135E+07    4.7259592753451703E-03
      3.6369245532159255E-03    3.6461081106420934E-01    7.3468400341430949E-08    4.1773464353142262E+07    5.0876398480621176E-03
      3.6898248389849544E-03    3.7576626953799880E-01    7.9068364585207149E-08    4.1226301061123803E+07    5.4754337989573873E-03
      3.7434945771287849E-03    3.8714955997173045E-01    8.5070236988329679E-08    4.0674382874492221E+07    5.8910596334549809E-03
      3.7979449595899272E-03    3.9875787125373158E-01    9.1500199117561105E-08    4.0117798855710715E+07    6.3363304083483901E-03
      3.8531873411014423E-03    4.1058740059656790E-01    9.8385766159954446E-08    3.9556610528722242E+07    6.8131515327853193E-03
      3.9092332415547890E-03    4.2263358433257381E-01    1.0575588130038896E-07    3.8990884148929551E+07    7.3235273038518255E-03
      3.9660943484021056E-03    4.3489150628319012E-01    1.1364106821568963E-07    3.8420731496482529E+07    7.8695714666927926E-03
      4.0237825190934332E-03    4.4735596865182864E-01    1.2207351930161280E-07    3.7846311961035594E+07    8.4535133241743984E-03
      4.0823097835494000E-03    4.6002075072599441E-01    1.3108695762612799E-07    3.7267767413910925E+07    9.0776881772369547E-03
      4.1416883466698562E-03    4.7287830344045972E-01    1.4071657881346117E-07    3.6685206455135629E+07    9.7445333004019877E-03
      4.2019305908790076E-03    4.8592033232045839E-01    1.5099923757087877E-07    3.6098759344132259E+07    1.0456600858633021E-02
      4.2630490787075696E-03    4.9913785345393508E-01    1.6197350458616254E-07    3.5508582598296650E+07    1.1216561847449400E-02
      4.3250565554124728E-03    5.1252116960573413E-01    1.7367969823291849E-07    3.4914856680931389E+07    1.2027208288498712E-02
      4.3879659516346762E-03    5.2605983755230501E-01    1.8615990786409944E-07    3.4317783248446867E+07    1.2891454842618368E-02
      4.4517903860956526E-03    5.3974282790760708E-01    1.9945808173931316E-07    3.3717594689204313E+07    1.3812344898745567E-02
      4.5165431683330615E-03    5.5355917174463398E-01    2.1362031386714098E-07    3.3114589959810451E+07    1.4793070437564873E-02
      4.5822378014762502E-03    5.6749890636484945E-01    2.2869531305621241E-07    3.2509177753515355E+07    1.5837004512995839E-02
      4.6488879850621039E-03    5.8155333754449956E-01    2.4473468609639410E-07    3.1901869486833300E+07    1.6947720862309675E-02
      4.7165076178918618E-03    5.9571390614776487E-01    2.6179265033127283E-07    3.1293197781346105E+07    1.8128974001957076E-02
      4.7851108009294811E-03    6.0997118527379601E-01    2.7992569658039327E-07    3.0683659286342427E+07    1.9384675885148261E-02
      4.8547118402421626E-03    6.2431473663928538E-01    2.9919254450112956E-07    3.0073712501528569E+07    2.0718892810691048E-02
      4.9253252499836470E-03    6.3873296862733953E-01    3.1965407237653784E-07    2.9463776785723336E+07    2.2135840560844465E-02
      4.9969657554209020E-03    6.5321299495837581E-01    3.4137321703950230E-07    2.8854232293245643E+07    2.3639877471129684E-02
      5.0696482960048347E-03    6.6774100202229036E-01    3.6441511887238999E-07    2.8245442156354412E+07    2.5235514471463643E-02
      5.1433880284856718E-03    6.8230274529029955E-01    3.8884737144660096E-07    2.7637775010390073E+07    2.6927432373538559E-02
      5.2182003300736447E-03    6.9688293175799587E-01    4.1473966633626459E-07    2.7031578781052090E+07    2.8720457274397072E-02
      5.2941008016456625E-03    7.1146389813935285E-01    4.4216289642101890E-07    2.6427134586368017E+07    3.0619498460721806E-02
      5.3711052709986117E-03    7.2602430692121189E-01    4.7118803142278954E-07    2.5824623290229142E+07    3.2629470540474798E-02
      5.4492297961499844E-03    7.4053927196802127E-01    5.0188569729775602E-07    2.5224150806545787E+07    3.4755264316059457E-02
      5.5284906686865155E-03    7.5498142655542844E-01    5.3432635943999319E-07    2.4625800245162942E+07    3.7001759471055939E-02
      5.6089044171615358E-03    7.6932085321701971E-01    5.6857978158292561E-07    2.4029637239723608E+07    3.9373787099492005E-02
      5.6904878105417060E-03    7.8352478383682866E-01    6.0471422902329685E-07    2.3435707747676492E+07    4.1876074529611361E-02
      5.7732578617039308E-03    7.9755791043214952E-01    6.4279602426060979E-07    2.2844054489059612E+07    4.4513214552188332E-02
      5.8572318309831062E-03    8.1138267000032416E-01    6.8288905229491924E-07    2.2254729163382865E+07    4.7289631162715715E-02
      5.9424272297714797E-03    8.2495927482785159E-01    7.2505401296673373E-07    2.1667795129782252E+07    5.0209527786419947E-02
      6.0288618241703673E-03    8.3824571096950828E-01    7.6934755446575537E-07    2.1083328536315922E+07    5.3276827274294260E-02
      6.1165536386949756E-03    8.5119785166923623E-01    8.1582141309236952E-07    2.0501421775511984E+07    5.6495112332130622E-02
      6.2055209600331233E-03    8.6377001007664611E-01    8.6452190794613972E-07    1.9922195988875765E+07    5.9867590528020521E-02
      6.2957823408586293E-03    8.7591545031103180E-01    9.1548941268788921E-07    1.9345809152287275E+07    6.3397057712216043E-02
      6.3873566037001648E-03    8.8758592578621587E-01    9.6875678679960258E-07    1.8772440848818555E+07    6.7085789382879055E-02
      6.4802628448663866E-03    8.9873173696962472E-01    1.0243481673159981E-06    1.8202290487997174E+07    7.0935457014263473E-02
      6.5745204384281587E-03    9.0930360761075091E-01    1.0822798023974954E-06    1.7635610649136007E+07    7.4947185781111383E-02
      6.6701490402586907E-03    9.1925477597531113E-01    1.1425615911950524E-06    1.7072735347073585E+07    7.9121661193310655E-02
      6.7671685921324564E-03    9.2854010834763034E-01    1.2051953344562557E-06    1.6514046623061758E+07    8.3459007951482686E-02
      6.8655993258837133E-03    9.3711253720383247E-01    1.2701690472073592E-06    1.5959901693204746E+07    8.7958396103842401E-02
      6.9654617676255283E-03    9.4492180364376832E-01    1.3374532172504786E-06    1.5410614596174184E+07    9.2617781949516240E-02
      7.0667767420301572E-03    9.5191541508414812E-01    1.4069996404070544E-06    1.4866477368786521E+07    9.7433827379894991E-02
      7.1695653766716888E-03    9.5803760530201365E-01    1.4787372578776850E-06    1.4327746736481946E+07    1.0240161161845827E-01
      7.2738491064318388E-03    9.6322954636613389E-01    1.5525693812712582E-06    1.3794652372476306E+07    1.0751443905581236E-01
      7.3796496779698975E-03    9.6743173439440244E-01    1.6283743026184902E-06    1.3267433499042351E+07    1.1276388149273857E-01
      7.4869891542575584E-03    9.7058543473449099E-01    1.7060049846281502E-06    1.2746354273164427E+07    1.1813975669063446E-01
      7.5958899191798414E-03    9.7263987116213302E-01    1.7852997903002816E-06    1.2231786982550330E+07    1.2363087139038349E-01
      7.7063746822028725E-03    9.7356206273270673E-01    1.8661014892481398E-06    1.1724305009451872E+07    1.2922633748802245E-01
      7.8184664831095659E-03    9.7332996419015161E-01    1.9482478673167051E-06    1.1224556353097349E+07    1.3491492175681485E-01
      7.9321886968041957E-03    9.7192175243177259E-01    2.0315516905022427E-06    1.0733120831939373E+07    1.4068365836146446E-01
      8.0475650381868526E-03    9.6933401950344367E-01    2.1158384244355318E-06    1.0250706447241951E+07    1.4652046090826207E-01
      8.1646195670987860E-03    9.6554684373788457E-01    2.2008718819209653E-06    9.7777587051427104E+06    1.5240897358460817E-01
      8.2833766933396984E-03    9.6052445661933772E-01    2.2863469711272979E-06    9.3145101339809336E+06    1.5832806897584906E-01
      8.4038611817580013E-03    9.5423207513972075E-01    2.3719193862341169E-06    8.8611732592112198E+06    1.6425390412360102E-01
      8.5260981574151254E-03    9.4664694103074865E-01    2.4572315252606827E-06    8.4180379389210567E+06    1.7016171531886132E-01
      8.6501131108249318E-03    9.3774856738140677E-01    2.5418884211188154E-06    7.9853669405640662E+06    1.7602415134277721E-01
      8.7759319032693454E-03    9.2751386167538064E-01    2.6254418527321660E-06    7.5633552955231033E+06    1.8181017317179335E-01
      8.9035807721912965E-03    9.1592258046213082E-01    2.7074008833315270E-06    7.1521808021132108E+06    1.8748578374787808E-01
      9.0330863366661143E-03    9.0295941705752902E-01    2.7872358139701356E-06    6.7520177544823624E+06    1.9301430175693576E-01
      9.1644756029524918E-03    8.8861559063961437E-01    2.8643821846377034E-06    6.3630435818134844E+06    1.9835663870340048E-01
      9.2977759701242009E-03    8.7288997223462106E-01    2.9382446826628255E-06    5.9854402366970275E+06    2.0347156956460918E-01
      9.4330152357837167E-03    8.5578962547770920E-01    3.0082003039278113E-06    5.6193908126293980E+06    2.0831595170291167E-01
      9.5702216018589466E-03    8.3732866844989629E-01    3.0735962730424720E-06    5.2650658329604659E+06    2.1284458083903240E-01
      9.7094236804843095E-03    8.1753012662529123E-01    3.1337590372827654E-06    4.9226304751781896E+06    2.1701081387658328E-01
      9.8506504999672766E-03    7.9643017085705159E-01    3.1880149806585147E-06    4.5922634990129117E+06    2.2076800333803667E-01
      9.9939315108417866E-03    7.7389676695668663E-01    3.2349353317703960E-06    4.2731462128565032E+06    2.2401720771559891E-01
      1.0139296592009652E-02    7.4969312777467290E-01    3.2724671476124730E-06    3.9640021002613278E+06    2.2661626201596319E-01
      1.0286776056971326E-02    7.2405740207458935E-01    3.3004629630350778E-06    3.6661393551609507E+06    2.2855495437160325E-01
      1.0436400660147272E-02    6.9736950327691427E-01    3.3195162855349312E-06    3.3813065667604660E+06    2.2987438479798711E-01
      1.0588201603291308E-02    6.6976558720311197E-01    3.3292358382226757E-06    3.1097827592911199E+06    2.3054745762017598E-01
      1.0742210541997204E-02    6.4139503839467160E-01    3.3293321422738546E-06    2.8517959193758708E+06    2.3055412661427452E-01
      1.0898459592299951E-02    6.1241623312392846E-01    3.3196164188292817E-06    2.6075050988926203E+06    2.2988131896473210E-01
      1.1056981337373022E-02    5.8296440543447992E-01    3.2998389159313995E-06    2.3768738695613276E+06    2.2851173950783890E-01
      1.1217808834323061E-02    5.5317711951494819E-01    3.2698231779609120E-06    2.1598019629382268E+06    2.2643316880454395E-01
      1.1380975621083403E-02    5.2322394918981008E-01    3.2296611577742950E-06    1.9562437290993324E+06    2.2365197453148883E-01
      1.1546515723407853E-02    4.9327019699004876E-01    3.1795333066383458E-06    1.7660616098341094E+06    2.2018065282376464E-01
      1.1714463661966204E-02    4.6346850253481997E-01    3.1196635553956669E-06    1.5890107068202561E+06    2.1603471074934533E-01
      1.1884854459542953E-02    4.3397388923416974E-01    3.0504230501864663E-06    1.4248062920383271E+06    2.1123984994163525E-01
      1.2057723648340726E-02    4.0494243022140924E-01    2.9723409887893067E-06    1.2731252577447682E+06    2.0583271700915190E-01
      1.2233107277389941E-02    3.7652280492328316E-01    2.8860605442645354E-06    1.1335867472957845E+06    1.9985785127595590E-01
      1.2411041920066238E-02    3.4885243863356019E-01    2.7923167259558436E-06    1.0057519033681223E+06    1.9336615167013455E-01
      1.2591564681717236E-02    3.2206444763053632E-01    2.6919966719227841E-06    8.8915507432606141E+05    1.8641905193628455E-01
      1.2774713207400307E-02    2.9629092875500490E-01    2.5861811515281100E-06    7.8331908107489510E+05    1.7909139466320545E-01
      1.2960525689732752E-02    2.7161979685961363E-01    2.4757731351929081E-06    6.8764991840057890E+05    1.7144570997642863E-01
      1.3149040876856297E-02    2.4813166086744459E-01    2.3617858268847298E-06    6.0155284276828438E+05    1.6355216160424513E-01
      1.3340298080517361E-02    2.2589314247827186E-01    2.2452793177372513E-06    5.2442124031372881E+05    1.5548416018128422E-01
      1.3534337184264889E-02    2.0495314956879854E-01    2.1273113024038777E-06    4.5563538896903297E+05    1.4731495038744558E-01
      1.3731198651767402E-02    1.8534210720439317E-01    2.0089069126668301E-06    3.9456864746200305E+05    1.3911552194457572E-01
      1.3930923535251034E-02    1.6707216361511501E-01    1.8910335785308817E-06    3.4059494569988304E+05    1.3095286876324863E-01
      1.4133553484060292E-02    1.5013799796619517E-01    1.7745790918977850E-06    2.9309630792696215E+05    1.2288846986621639E-01
      1.4339130753343353E-02    1.3451839566079443E-01    1.6603367854349636E-06    2.5147049209750982E+05    1.1497726303452216E-01
      1.4547698212863678E-02    1.2017851241564609E-01    1.5489995332225617E-06    2.1513833432402607E+05    1.0726722935613643E-01
      1.4759299355939797E-02    1.0707247279344247E-01    1.4411607937394367E-06    1.8355001984381204E+05    9.9799465452071412E-02
      1.4973978308515117E-02    9.5094207547990417E-02    1.3365872764276280E-06    1.5610481253823344E+05    9.2557816100036411E-02
      1.5191779838359684E-02    8.4121090404247464E-02    1.2346835895583826E-06    1.3223692667143056E+05    8.5501050802697418E-02
      1.5412749364405745E-02    7.4161419413210639E-02    1.1366830771001671E-06    1.1163786244579332E+05    7.8714577842951286E-02
      1.5636932966219132E-02    6.5248335441402017E-02    1.0443418171975599E-06    9.4056440910713340E+04    7.2320004511866626E-02
      1.5864377393608395E-02    5.7334895172059988E-02    9.5830718725376061E-07    7.9145049000678759E+04    6.6362161281564080E-02
      1.6095130076373705E-02    5.0294185586195077E-02    8.7783828220464575E-07    6.6482621324806314E+04    6.0789740949078186E-02
      1.6329239134197544E-02    4.4024607705121559E-02    8.0242337800943206E-07    5.5727745632052669E+04    5.5567306951083736E-02
      1.6566753386679369E-02    3.8478571920857942E-02    7.3238554737974007E-07    4.6642363662374097E+04    5.0717231866728003E-02
      1.6807722363515975E-02    3.3603732014967636E-02    6.6791546772345442E-07    3.9006298794914823E+04    4.6252719984847694E-02
      1.7052196314830223E-02    2.9315466370231628E-02    6.0847557323200411E-07    3.2585895729124553E+04    4.2136545216186323E-02
      1.7300226221649832E-02    2.5540452183463642E-02    5.5358878356170477E-07    2.7186109582977231E+04    3.8335670051338810E-02
      1.7551863806538660E-02    2.2223522560036457E-02    5.0301867664206800E-07    2.2652545151187267E+04    3.4833722412769948E-02
      1.7807161544382562E-02    1.9315056676291426E-02    4.5654110257942799E-07    1.8853227949981021E+04    3.1615180063359380E-02
      1.8066172673332201E-02    1.6769469977164494E-02    4.1391964017872359E-07    1.5674535986905930E+04    2.8663670986194656E-02
      1.8328951205904956E-02    1.4544505143286771E-02    3.7489396570835192E-07    1.3018469554989239E+04    2.5961167928958553E-02
      1.8595551940248371E-02    1.2601730865285333E-02    3.3919737865153026E-07    1.0801319377631840E+04    2.3489202051028737E-02
      1.8866030471567402E-02    1.0907206345479170E-02    3.0658338500764006E-07    8.9525295271932810E+03    2.1230703800134757E-02
      1.9140443203717876E-02    9.4308521398195119E-03    2.7682086187876070E-07    7.4125697662108560E+03    1.9169668063060648E-02
      1.9418847360968602E-02    8.1458982156166256E-03    2.4968912729515161E-07    6.1311573570722339E+03    1.7290812754205201E-02
      1.9701300999934536E-02    7.0286133438571550E-03    2.2497954799102738E-07    5.0659250629808621E+03    1.5579690153028597E-02
      1.9987863021683556E-02    5.9400154627204478E-03    1.9852314298685005E-07    4.0997965850550127E+03    1.3747600986663321E-02
      2.0278593184019290E-02    4.8129296608630957E-03    1.6795102934354994E-07    3.1810454466719948E+03    1.1630501623014541E-02
      2.0573552113942635E-02    3.8452746379528781E-03    1.4013194373196522E-07    2.4337353366614198E+03    9.7040476940274002E-03
      2.0872801320294510E-02    3.1199601437245442E-03    1.1874000344511667E-07    1.8909526571700885E+03    8.2226694780195963E-03
      2.1176403206582577E-02    2.5662204165268626E-03    1.0199418624295034E-07    1.4893994556329835E+03    7.0630323212260704E-03
      2.1484421083994374E-02    2.1357871680035747E-03    8.8648456336804983E-08    1.1870276439954109E+03    6.1388490402993776E-03
      2.1796919184599865E-02    1.7960777618604648E-03    7.7851621033021132E-08    9.5590255220894551E+02    5.3911750842963128E-03
      2.2113962674746006E-02    1.5239153115261380E-03    6.8981175238402294E-08    7.7666716218535089E+02    4.7769023726945067E-03
      2.2435617668646084E-02    1.3031200315096662E-03    6.1599920162760726E-08    6.3598102278400870E+02    4.2657551682226073E-03
      2.2761951242166768E-02    1.1223528193494607E-03    5.5405171326255310E-08    5.2453535147070045E+02    3.8367727637756126E-03
      2.3093031446815668E-02    9.7308868278690437E-04    5.0164625290687714E-08    4.3549523570463242E+02    3.4738682944765557E-03
      2.3428927323932369E-02    8.4879472435865362E-04    4.5695265563372070E-08    3.6376363698984460E+02    3.1643679849782933E-03
      2.3769708919085863E-02    7.4446651545340137E-04    4.1853933310232660E-08    3.0552545952180236E+02    2.8983581773617630E-03
      2.4115447296681414E-02    6.5625049270279451E-04    3.8528547288926100E-08    2.5790365966668628E+02    2.6680773171067007E-03
      2.4466214554779844E-02    5.8117108285254124E-04    3.5631846194069696E-08    2.1871445395167007E+02    2.4674826144913263E-03
      2.4822083840132431E-02    5.1690090040436808E-04    3.3095007325777691E-08    1.8628007391560169E+02    2.2918081414600028E-03
      2.5183129363434451E-02    4.5530777762108429E-04    3.0439642238667142E-08    1.5712663405972151E+02    2.1079258033996468E-03
      2.5549426414800593E-02    3.9929472796476834E-04    2.7877812950241734E-08    1.3195441921799335E+02    1.9305207597189061E-03
      2.5921051379465480E-02    3.5246584630930914E-04    2.5698315555821598E-08    1.1154061359657726E+02    1.7795919557560093E-03
      2.6298081753712545E-02    3.1304858395518636E-04    2.3835459592122953E-08    9.4866604761610645E+01    1.6505903688415228E-03
      2.6680596161034676E-02    2.7955318391307974E-04    2.2227895089976269E-08    8.1124434452150183E+01    1.5392675527540272E-03
      2.7068674368529735E-02    2.5083943335580555E-04    2.0828176498768038E-08    6.9705761430295397E+01    1.4423379333855699E-03
      2.7462397303534763E-02    2.2606259972999030E-04    1.9602213602603373E-08    6.0157143702132927E+01    1.3574407850362592E-03
      2.7861847070502020E-02    2.0456173874964346E-04    1.8523425239684377E-08    5.2127694998772625E+01    1.2827353792113653E-03
      2.8267106968120535E-02    1.8580108322549210E-04    1.7569732448116761E-08    4.5339631072677207E+01    1.2166927618869100E-03
      2.8678261506686658E-02    1.6934729203878506E-04    1.6723022542617059E-08    3.9572512234461236E+01    1.1580586411635827E-03
      2.9095396425727307E-02    1.5484949822350177E-04    1.5968553826855341E-08    3.4650602725360955E+01    1.1058121639762888E-03
      2.9518598711879541E-02    1.4202108763325451E-04    1.5294228764821148E-08    3.0432627515305409E+01    1.0591155836749827E-03
      2.9947956617030185E-02    1.2970529476535311E-04    1.4586007621238180E-08    2.6615213016975325E+01    1.0100717213533898E-03
      3.0383559676719317E-02    1.1750434646110985E-04    1.3798580508010326E-08    2.3089354839377446E+01    9.5554289617025333E-04
      3.0825498728811435E-02    1.0704220485040480E-04    1.3127039812907785E-08    2.0141812002008873E+01    9.0903913150243432E-04
      3.1273865932438208E-02    9.8014578916049105E-05    1.2552214573642629E-08    1.7661183208430351E+01    8.6923285044328302E-04
      3.1728754787216734E-02    8.9910156851696397E-05    1.2024174108874609E-08    1.5513989666178961E+01    8.3266638516762579E-04
      3.2190260152747362E-02    8.2593133916108807E-05    1.1534717524688115E-08    1.3647223784852523E+01    7.9877182900428307E-04
      3.2658478268395096E-02    7.5968079825612173E-05    1.1079253958427373E-08    1.2020350803105245E+01    7.6723126764348436E-04
      3.3133506773358738E-02    6.9958353953016361E-05    1.0654552981970988E-08    1.0600130226405639E+01    7.3782099599895663E-04
      3.3615444727031950E-02    6.4499736704267150E-05    1.0258168971490310E-08    9.3586926630625911E+00    7.1037165618096515E-04
      3.4104392629660446E-02    5.9536217346001427E-05    9.8880211373197711E-09    8.2722586860893692E+00    6.8473915483279119E-04
      3.4600452443299609E-02    5.5018405107447453E-05    9.5422850173236057E-09    7.3204282934551568E+00    6.6079714911560753E-04
      3.5103727613077257E-02    5.0902572533701080E-05    9.2193513507471724E-09    6.4856551178836774E+00    6.3843419874892379E-04
      3.5614323088765068E-02    4.7149834502056845E-05    8.9177864738125824E-09    5.7528084991480970E+00    6.1755102343085235E-04
      3.6132345346664339E-02    4.3725478089017396E-05    8.6363004799818026E-09    5.1088121805898679E+00    5.9805829795664270E-04
      3.6657902411809849E-02    4.0598417593865344E-05    8.3737229155810821E-09    4.5423448427740745E+00    5.7987496915618084E-04
      3.7191103880496679E-02    3.7740749255526255E-05    8.1289850055072442E-09    4.0435902279804301E+00    5.6292702503549013E-04
      3.7732060943134742E-02    3.5127372953741753E-05    7.9011048302400848E-09    3.6040260175265777E+00    5.4714646829429796E-04
      3.8280886407435689E-02    3.2735673192373961E-05    7.6891759313199614E-09    3.2162451730872021E+00    5.3247052726262804E-04
      3.8837694721937141E-02    3.0545249887925503E-05    7.4923592506004915E-09    2.8738042235620398E+00    5.1884109769919425E-04
      3.9402601999869016E-02    2.8537689598225099E-05    7.3098779934542532E-09    2.5710938613084373E+00    5.0620438707167127E-04
      3.9975726043367042E-02    2.6846352638541808E-05    7.1814266180070902E-09    2.3161678946679984E+00    4.9730921127872784E-04
      4.0557186368038511E-02    2.5588341429608601E-05    7.1483060334925700E-09    2.1140366348598683E+00    4.9501563193326658E-04
      4.1147104227885201E-02    2.4550783390207840E-05    7.1620859956523925E-09    1.9423225486202842E+00    4.9596988552070415E-04
      4.1745602640588991E-02    2.3541218833117399E-05    7.1716143029887441E-09    1.7834895421277883E+00    4.9662971472433067E-04
      4.2352806413165120E-02    2.2565331027824514E-05    7.1786646851086793E-09    1.6370764341097728E+00    4.9711794918772911E-04
      4.2968842167988713E-02    2.1624155707730778E-05    7.1838157649890165E-09    1.5022839697980965E+00    4.9747465818286121E-04
      4.3593838369199694E-02    2.0717766421835476E-05    7.1874211369418054E-09    1.3782926204004839E+00    4.9772432789023000E-04
      4.4227925349491944E-02    1.9845862813107376E-05    7.1897589986682188E-09    1.2643115594740522E+00    4.9788622332314113E-04
      4.4871235337292092E-02    1.9007902720450619E-05    7.1910578334775114E-09    1.1595886335127776E+00    4.9797616680497957E-04
      4.5523902484333460E-02    1.8203177219371765E-05    7.1915093327461017E-09    1.0634144847362998E+00    4.9800743284125596E-04
      4.6186062893631252E-02    1.7430859715696247E-05    7.1912760602392850E-09    9.7512391402510890E-01    4.9799127886899553E-04
      4.6857854647864655E-02    1.6690043526966168E-05    7.1904977020840229E-09    8.9409588099693948E-01    4.9793737806336517E-04
      4.7539417838171651E-02    1.5979770887319644E-05    7.1892963163424544E-09    8.1975259163067127E-01    4.9785418286729059E-04
      4.8230894593362737E-02    1.5299054646332415E-05    7.1877804986534955E-09    7.5155794673754339E-01    4.9774921345947830E-04
      4.8932429109559597E-02    1.4646894701321605E-05    7.1860488200493406E-09    6.8901560814149831E-01    4.9762929582101620E-04
      4.9644167680264778E-02    1.4022290606824450E-05    7.1841928058188114E-09    6.3166685545091195E-01    4.9750076801975847E-04
      5.0366258726868826E-02    1.3550337961400053E-05    7.2501920944678082E-09    5.8452740621156507E-01    5.0207117664869154E-04
      5.1098852829601096E-02    1.3194974410382715E-05    7.3726245775358181E-09    5.4506579444243153E-01    5.1054954798465668E-04
      5.1842102758930877E-02    1.2849129946984507E-05    7.4972482902036196E-09    5.0827613989976894E-01    5.1917966057232106E-04
      5.2596163507424999E-02    1.2514271785064903E-05    7.6251505766106977E-09    4.7404242350888737E-01    5.2803681229957793E-04
      5.3361192322069262E-02    1.2190469467194630E-05    7.7567177906580527E-09    4.4219892588482423E-01    5.3714775792756335E-04
      5.4137348737059374E-02    1.1877676152897481E-05    7.8923039109786849E-09    4.1258587674180625E-01    5.4653701025076100E-04
      5.4924794607069428E-02    1.1575777430629916E-05    8.0322512663380598E-09    3.8505136806687795E-01    5.5622827531776075E-04
      5.5723694141003942E-02    1.1284610514216146E-05    8.1768968945946224E-09    3.5945183264753516E-01    5.6624489278521732E-04
      5.6534213936240973E-02    1.1003975022762925E-05    8.3265750665291516E-09    3.3565208501740584E-01    5.7661001069142233E-04
      5.7356523013373226E-02    1.0733641079958871E-05    8.4816189617154860E-09    3.1352519565215287E-01    5.8734670150928305E-04
      5.8190792851454523E-02    1.0473355883886321E-05    8.6423620248715460E-09    2.9295226824861209E-01    5.9847805607276552E-04
      5.9037197423758986E-02    1.0222849558682600E-05    8.8091394900026466E-09    2.7382216432514755E-01    6.1002728912284575E-04
      5.9895913234060266E-02    9.9699546462922902E-06    8.9715296043584988E-09    2.5572632478178514E-01    6.2127270093103345E-04
      6.0767119353438530E-02    9.6972363468047055E-06    9.1123524976778334E-09    2.3818579664921954E-01    6.3102459644313457E-04
      6.1650997457622772E-02    9.4181281529582248E-06    9.2419058561967407E-09    2.2152263087819046E-01    6.3999608386068997E-04
      6.2547731864876319E-02    9.1469000040731989E-06    9.3731426194179240E-09    2.0602174511647803E-01    6.4908414597980297E-04
      6.3457509574433357E-02    8.8831441023306095E-06    9.5058802938288612E-09    1.9159821680943745E-01    6.5827614524116898E-04
      6.4380520305494612E-02    8.6266196020455351E-06    9.6400794663259185E-09    1.7817674822626703E-01    6.6756935231250850E-04
      6.5316956536790066E-02    8.3771060167228507E-06    9.7757098813120803E-09    1.6568760403541083E-01    6.7696167201303247E-04
      6.6267013546717365E-02    8.1343994908636992E-06    9.9127490575437178E-09    1.5406611406028808E-01    6.8645154753096320E-04
      6.7230889454063789E-02    7.8983104284856391E-06    1.0051181900769202E-08    1.4325225116145904E-01    6.9603793359900642E-04
      6.8208785259320712E-02    7.6686618711515717E-06    1.0191000907495718E-08    1.3319026132791817E-01    7.0572031060507189E-04
      6.9200904886599163E-02    7.4452883592145673E-06    1.0332206818626156E-08    1.2382833401678264E-01    7.1549872985621232E-04
      7.0207455226154472E-02    7.2485135437890161E-06    1.0504684308643161E-08    1.1544445747609391E-01    7.2744268599281281E-04
      7.1228646177530081E-02    7.0836059963513276E-06    1.0720286185666417E-08    1.0803491998113106E-01    7.4237297841462724E-04
      7.2264690693328623E-02    6.9302134984171042E-06    1.0952493303276263E-08    1.0121432824222834E-01    7.5845317315229987E-04
      7.3315804823619629E-02    6.7802021095322753E-06    1.1189828480946256E-08    9.4825173955343345E-02    7.7488848277724391E-04
      7.4382207760993302E-02    6.6334977918555298E-06    1.1432409679418639E-08    8.8840137575401018E-02    7.9168707599559622E-04
      7.5464121886269414E-02    6.4899937993911274E-06    1.1680296388652815E-08    8.3233190172638860E-02    8.0885307244908894E-04
      7.6561772814871323E-02    6.3495824364090512E-06    1.1933535481923985E-08    7.7979967534994254E-02    8.2638971808212259E-04
      7.7675389443874143E-02    6.2121581310606267E-06    1.2192165132061074E-08    7.3057702670548424E-02    8.4429965633874471E-04
      7.8805203999737894E-02    6.0776190396313049E-06    1.2456217096271615E-08    6.8445138797865707E-02    8.6258508638531451E-04
      7.9951452086733946E-02    5.9458679107662412E-06    1.2725718220867648E-08    6.4122436603744712E-02    8.8124786731181182E-04
      8.1114372736076884E-02    5.8168124582743718E-06    1.3000691361690542E-08    6.0071080948766120E-02    9.0028958187066870E-04
      8.2294208455770262E-02    5.6903656179507867E-06    1.3281156343406228E-08    5.6273792133084408E-02    9.1971160290735200E-04
      8.3491205281177844E-02    5.5664459329576393E-06    1.3567131509210700E-08    5.2714444070561833E-02    9.3951520067648046E-04
      8.4705612826330101E-02    5.4449776365297786E-06    1.3858634899505346E-08    4.9377984761370231E-02    9.5970162446433992E-04
      8.5937684335977288E-02    5.3258901609729342E-06    1.4155684164919682E-08    4.6250357250217949E-02    9.8027209656576246E-04
      8.7187676738399250E-02    5.2091176249455948E-06    1.4458296313767810E-08    4.3318426773635552E-02    1.0012277947956483E-03
      8.8455850698983818E-02    5.0945988023470285E-06    1.4766488699625937E-08    4.0569917628095781E-02    1.0225699208780763E-03
      8.9742470674584116E-02    4.9822771645646570E-06    1.5080280409503693E-08    3.7993355014015143E-02    1.0442997965762863E-03
      9.1047804968666851E-02    4.8721005881689605E-06    1.5399692859778348E-08    3.5578008402823574E-02    1.0664189049607393E-03
      9.2372125787262435E-02    4.7640209773432557E-06    1.5724750129136350E-08    3.3313838629409676E-02    1.0889289134651088E-03
      9.3715709295729227E-02    4.6579939445125856E-06    1.6055479425966382E-08    3.1191449506771357E-02    1.1118317062529511E-03
      9.5078835676343218E-02    4.5539785429143384E-06    1.6391911708721004E-08    2.9202043470370261E-02    1.1351294271773533E-03
      9.6461789186725405E-02    4.4519370435890846E-06    1.6734082472464320E-08    2.7337380812339419E-02    1.1588245342488575E-03
      9.7864858219119125E-02    4.3518347179681003E-06    1.7082032590001058E-08    2.5589741937428738E-02    1.1829198578831128E-03
      9.9288335360529487E-02    4.2536395657883967E-06    1.7435808960262958E-08    2.3951892063157825E-02    1.2074186458012187E-03
      1.0073251745373747E-01    4.1739908935893182E-06    1.7867306187960034E-08    2.2506930062654227E-02    1.2372995535079024E-03
      1.0219770565920203E-01    4.1113330852299072E-06    1.8378261704218257E-08    2.1229171848137357E-02    1.2726828970000910E-03
      1.0368420551786159E-01    4.0490974977652761E-06    1.8901409436191660E-08    2.0021391085753508E-02    1.3089105436514671E-03
      1.0519232701484992E-01    3.9872889342264795E-06    1.9436937799021956E-08    1.8879885123106684E-02    1.3459955410903785E-03
      1.0672238464413843E-01    3.9259033117675743E-06    1.9984989000401361E-08    1.7801101018536242E-02    1.3839477371087774E-03
      1.0827469747411866E-01    3.8649377732856506E-06    2.0545702352659648E-08    1.6781678495193110E-02    1.4227767789966137E-03
      1.0984958921413877E-01    3.8043914700569428E-06    2.1119218988802051E-08    1.5818442313982772E-02    1.4624924401244520E-03
      1.1144738828200780E-01    3.7442656854343155E-06    2.1705684044014358E-08    1.4908391840962518E-02    1.5031047710113063E-03
      1.1306842787248186E-01    3.6845638591040564E-06    2.2305248687461383E-08    1.4048690804115698E-02    1.5446242400253888E-03
      1.1471304602674634E-01    3.6252915348230245E-06    2.2918072018625351E-08    1.3236657408287535E-02    1.5870618647043319E-03
      1.1638158570290882E-01    3.5664562094885448E-06    2.3544322576466714E-08    1.2469754772996229E-02    1.6304293162636124E-03
      1.1807439484751776E-01    3.5080671485750081E-06    2.4184179732099901E-08    1.1745581964532733E-02    1.6747390160384596E-03
      1.1979182646812032E-01    3.4501352255236879E-06    2.4837835308727727E-08    1.1061865782301551E-02    1.7200042476632779E-03
      1.2153423870687685E-01    3.3926728141446088E-06    2.5505495688428369E-08    1.0416453308285370E-02    1.7662393029653017E-03
      1.2330199491524532E-01    3.3356937303895835E-06    2.6187384494498872E-08    9.8073051109375774E-03    1.8134596677151708E-03
      1.2509546372975242E-01    3.2792131559622881E-06    2.6883745421494483E-08    9.2324888309075256E-03    1.8616822176053503E-03
      1.2691501914886652E-01    3.2232475016656063E-06    2.7594844835546972E-08    8.6901730195474286E-03    1.9109253983205141E-03
      1.2876104061098900E-01    3.1678143344947262E-06    2.8320975116562922E-08    8.1786215682182264E-03    1.9612094569826429E-03
      1.3063391307357994E-01    3.1129324175123711E-06    2.9062459363699182E-08    7.6961887666242481E-03    2.0125567680022000E-03
      1.3253402709343451E-01    3.0586216053083113E-06    2.9819655307140967E-08    7.2413142734132603E-03    2.0649921039662656E-03
      1.3446177890812736E-01    3.0049025930291212E-06    3.0592958038124868E-08    6.8125180832956213E-03    2.1185428246908913E-03
      1.3641757051864131E-01    2.9517967306819933E-06    3.1382803372231114E-08    6.4083960238454666E-03    2.1732391101269410E-03
      1.3840180977319821E-01    2.8993261103204177E-06    3.2189674305950710E-08    6.0276161360495184E-03    2.2291144074732469E-03
      1.4041491045230881E-01    2.8475136654990479E-06    3.3014108436969867E-08    5.6689152245391018E-03    2.2862059450265721E-03
      1.4245729235506005E-01    2.7963830467294395E-06    3.3856703639854417E-08    5.3310951167671230E-03    2.3445551252191340E-03
      1.4452938138665714E-01    2.7459583898244610E-06    3.4718122748259515E-08    5.0130189688722456E-03    2.4042078488586394E-03
      1.4663160964723915E-01    2.6962640963372941E-06    3.5599098397317789E-08    4.7136078658570335E-03    2.4652148504605738E-03
      1.4876441552198649E-01    2.6473246331449861E-06    3.6500438118219988E-08    4.4318376970010048E-03    2.5276320510446626E-03
      1.5092824377253858E-01    2.6081178344239198E-06    3.7552830480433571E-08    4.1810896592386704E-03    2.6005095506623404E-03
      1.5312354562974240E-01    2.5788448434387545E-06    3.8775368941397069E-08    3.9588870446035825E-03    2.6851695590588876E-03
      1.5535077888774818E-01    2.5506472669325629E-06    4.0049354857387373E-08    3.7495912393410076E-03    2.7733922708906441E-03
      1.5761040799947562E-01    2.5227996477997333E-06    4.1365882379905014E-08    3.5514189628965821E-03    2.8645609618312856E-03
      1.5990290417346781E-01    2.4953202909033422E-06    4.2726788686666470E-08    3.3638070076734633E-03    2.9588028552654903E-03
      1.6222874547215360E-01    2.4682264834436331E-06    4.4134011148236222E-08    3.1862174075235729E-03    3.0562521128687341E-03
      1.6458841691154039E-01    2.4415356377311663E-06    4.5589613793499101E-08    3.0181379850571389E-03    3.1570516673243634E-03
      1.6698241056235552E-01    2.4152656242753643E-06    4.7095803885586804E-08    2.8590815890392703E-03    3.2613543701959322E-03
      1.6941122565265992E-01    2.3894349081359220E-06    4.8654947023605267E-08    2.7085850566830661E-03    3.3693240377121866E-03
      1.7187536867195427E-01    2.3640625433446959E-06    5.0269581021319232E-08    2.5662080395678082E-03    3.4811364118571145E-03
      1.7437535347679819E-01    2.3391681006134686E-06    5.1942429498810857E-08    2.4315318201013625E-03    3.5969801015836339E-03
      1.7691170139796733E-01    2.3147715808267945E-06    5.3676416036486411E-08    2.3041581880485292E-03    3.7170575629695253E-03
      1.7948494134916793E-01    2.2908933199318959E-06    5.5474678964128002E-08    2.1837083809400377E-03    3.8415861233498292E-03
      1.8209560993733337E-01    2.2675538904812984E-06    5.7340586882823607E-08    2.0698220898113257E-03    3.9707990562005933E-03
      1.8474425157452462E-01    2.2447740290700477E-06    5.9277755680299132E-08    1.9621565511460442E-03    4.1049467594397671E-03
      1.8743141859145823E-01    2.2225745375814309E-06    6.1290065816039786E-08    1.8603856695025589E-03    4.2442979524108214E-03
      1.9015767135268619E-01    2.2009761168566704E-06    6.3381678510162479E-08    1.7641991402687538E-03    4.3891407969518402E-03
      1.9292357837345039E-01    2.1799992563593331E-06    6.5557053965857366E-08    1.6733016790840417E-03    4.5397841592879637E-03
      1.9572971643823783E-01    2.1596642611646392E-06    6.7820974581595050E-08    1.5874123989161556E-03    4.6965592174619342E-03
      1.9857667072105856E-01    2.1399911681517951E-06    7.0178566328454651E-08    1.5062641263712266E-03    4.8598209417004181E-03
      2.0146503490747469E-01    2.1240300795402430E-06    7.2739818367414639E-08    1.4316453266767007E-03    5.0371860112239861E-03
      2.0439541131840380E-01    2.1116988275947642E-06    7.5519366715332116E-08    1.3629890954217358E-03    5.2296679608616658E-03
      2.0736841103572293E-01    2.1000517703460191E-06    7.8428010090659328E-08    1.2980039940268424E-03    5.4310896587800228E-03
      2.1038465402969958E-01    2.0891083744261678E-06    8.1473621246275551E-08    1.2364957358720365E-03    5.6419962880928367E-03
      2.1344476928827660E-01    2.0788854615772604E-06    8.4664526970428084E-08    1.1782781938547617E-03    5.8629644735734314E-03
      2.1654939494823705E-01    2.0693990725673245E-06    8.8009604197313001E-08    1.1231742899625336E-03    6.0946089372510706E-03
      2.1969917842827727E-01    2.0606648286776991E-06    9.1518330408100770E-08    1.0710158239973394E-03    6.3375859886498215E-03
      2.2289477656401521E-01    2.0526980544742251E-06    9.5200829172794187E-08    1.0216431437521472E-03    6.5925966785331620E-03
      2.2613685574496334E-01    2.0455138315364057E-06    9.9067916350621940E-08    9.7490478024258231E-04    6.8603899982517570E-03
      2.2942609205349229E-01    2.0391270370253147E-06    1.0313114901583861E-07    9.3065708446528686E-04    7.1417662678238914E-03
      2.3276317140581748E-01    2.0335523907178373E-06    1.0740287838573998E-07    8.8876387865167213E-04    7.4375808011667606E-03
      2.3614878969503536E-01    2.0288044944407146E-06    1.1189630626973012E-07    8.4909611440682248E-04    7.7487478151583499E-03
      2.3958365293624048E-01    2.0248978669339376E-06    1.1662554539436109E-07    8.1153154016926261E-04    8.0762446071079401E-03
      2.4306847741375354E-01    2.0218470279227419E-06    1.2160568710496013E-07    7.7595439925153280E-04    8.4211162430506050E-03
      2.4660398983049048E-01    2.0196667481832488E-06    1.2685288495028632E-07    7.4225519572560536E-04    8.7844813459313428E-03
      2.5019092745950455E-01    2.0183721692391345E-06    1.3238443837479183E-07    7.1033040636720368E-04    9.1675378912407738E-03
      2.5383003829773271E-01    2.0179786820103952E-06    1.3821886737323493E-07    6.8008211777743650E-04    9.5715683767994587E-03
      2.5752208122197773E-01    2.0185019645652511E-06    1.4437600226651365E-07    6.5141774263411203E-04    9.9979460396771042E-03
      2.6126782614715954E-01    2.0199581524397426E-06    1.5087709011004299E-07    6.2424978913777737E-04    1.0448142224904783E-02
      2.6506805418686868E-01    2.0223639285926312E-06    1.5774490475905299E-07    5.9849560814984005E-04    1.0923734007426605E-02
      2.6892355781625438E-01    2.0257365672103633E-06    1.6500386243666972E-07    5.7407713598305987E-04    1.1426412195115591E-02
      2.7283514103728229E-01    2.0300949875626628E-06    1.7268023352560079E-07    5.5092092347936404E-04    1.1957995995212755E-02
      2.7680361954639610E-01    2.0354652535886641E-06    1.8080278170977899E-07    5.2895926243111630E-04    1.2520477274478142E-02
      2.8082982090461706E-01    2.0418843462118993E-06    1.8940337952718679E-07    5.0813054021638516E-04    1.3116063185831165E-02
      2.8491458471011949E-01    2.0493916170755085E-06    1.9851655493278736E-07    4.8837647863161091E-04    1.3747144768122903E-02
      2.8905876277331366E-01    2.0580256063216895E-06    2.0817940231141169E-07    4.6964119345117909E-04    1.4416290783835299E-02
      2.9326321929447768E-01    2.0678235858034250E-06    2.1843171287634925E-07    4.5187105059962129E-04    1.5126256749100370E-02
      2.9752883104397232E-01    2.0788181420829117E-06    2.2931577701456407E-07    4.3501392367715813E-04    1.5879971246232527E-02
      3.0185648754507677E-01    2.0953347705478603E-06    2.4137505440010841E-07    4.1988049898232180E-04    1.6715068510912329E-02
      3.0624709125948441E-01    2.1179388038336955E-06    2.5478169622656370E-07    4.0641648687654477E-04    1.7643469903456409E-02
      3.1070155777549596E-01    2.1424424743872649E-06    2.6914063640919083E-07    3.9368847845509109E-04    1.8637817349563483E-02
      3.1522081599895091E-01    2.1685180682375694E-06    2.8447784392599609E-07    3.8158580070158927E-04    1.9699909184391316E-02
      3.1980580834693517E-01    2.1962261687338298E-06    3.0086922374831121E-07    3.7007678952850139E-04    2.0835001778774426E-02
      3.2445749094430676E-01    2.2256235656932704E-06    3.1839608150772427E-07    3.5913036117095495E-04    2.2048725495824258E-02
      3.2917683382308022E-01    2.2567640980378718E-06    3.3714557265250199E-07    3.4871626192659050E-04    2.3347115794724850E-02
      3.3396482112471049E-01    2.2896985108435666E-06    3.5721104730959546E-07    3.3880511893839398E-04    2.4736637112206701E-02
      3.3882245130531957E-01    2.3244741800261253E-06    3.7869238718797137E-07    3.2936846318907289E-04    2.6224206192887501E-02
      3.4375073734390826E-01    2.3611346713293034E-06    4.0169632202441493E-07    3.2037872650225480E-04    2.7817214002942056E-02
      3.4875070695359611E-01    2.3997189809989194E-06    4.2633668802638825E-07    3.1180919939389823E-04    2.9523543627105384E-02
      3.5382340279593438E-01    2.4402589630532056E-06    4.5273433179396897E-07    3.0363377520976811E-04    3.1351563615328211E-02
      3.5896988269833557E-01    2.4827789088040497E-06    4.8101732230275464E-07    2.9582701778414820E-04    3.3310142662457874E-02
      3.6419121987466652E-01    2.5272940038738562E-06    5.1132089350294197E-07    2.8836409239404315E-04    3.5408645633261196E-02
      3.6948850314904863E-01    2.5737675852350015E-06    5.4377859158113008E-07    2.8121621948893781E-04    3.7656320515952704E-02
      3.7486283718291580E-01    2.6221212568006506E-06    5.7852280080269497E-07    2.7435282413285772E-04    4.0062334836443600E-02
      3.8031534270537176E-01    2.6723210371439238E-06    6.1570295767781770E-07    2.6775088789835448E-04    4.2637036977717833E-02
      3.8584715674690045E-01    2.7243904535822340E-06    6.5549112841008022E-07    2.6139499286303194E-04    4.5392342414588810E-02
      3.9145943287647533E-01    2.7783044672840109E-06    6.9805894467981210E-07    2.5526623736369953E-04    4.8340136531411913E-02
      3.9715334144211678E-01    2.8340042583547830E-06    7.4357961686965204E-07    2.4934442556775966E-04    5.1492414036670195E-02
      4.0293006981494905E-01    2.8914164814590698E-06    7.9223180334246503E-07    2.4361018548127889E-04    5.4861546908001352E-02
      4.0879082263680727E-01    2.9504516156612942E-06    8.4419870240598591E-07    2.3804491709266345E-04    5.8460221511328660E-02
      4.1473682207144513E-01    3.0110039559289500E-06    8.9966741195051082E-07    2.3263088177240490E-04    6.2301394256179692E-02
      4.2076930805939849E-01    3.0729526735180096E-06    9.5882849383727550E-07    2.2735135021330062E-04    6.6398261429859440E-02
      4.2688953857655249E-01    3.1361617152568152E-06    1.0218751068804078E-06    2.2219062989440100E-04    7.0764199157003702E-02
      4.3309878989647338E-01    3.2004787234879063E-06    1.0890016541767797E-06    2.1713401401440599E-04    7.5412669728034468E-02
      4.3939835685655376E-01    3.2657340532544035E-06    1.1604022059705528E-06    2.1216774310689606E-04    8.0357112383535850E-02
      4.4578955312802987E-01    3.3317401836093775E-06    1.2362687860038527E-06    2.0727899482882579E-04    8.5610824645131728E-02
      4.5227371148992612E-01    3.3982915989862415E-06    1.3167895617605998E-06    2.0245589845397795E-04    9.1186836991025699E-02
      4.5885218410698403E-01    3.4651652001757024E-06    1.4021469873019971E-06    1.9768756947400446E-04    9.7097784248543595E-02
      4.6552634281163441E-01    3.5321212680670195E-06    1.4925159474684927E-06    1.9296415796836116E-04    1.0335577708130339E-01
      4.7229757939007011E-01    3.5989049616212589E-06    1.5880619466411888E-06    1.8827690318396642E-04    1.0997227656209842E-01
      4.7916730587248013E-01    3.6652483112744036E-06    1.6889393842415615E-06    1.8361818734931854E-04    1.1695797475235330E-01
      4.8613695482750624E-01    3.7308726486158561E-06    1.7952899554147481E-06    1.7898158248123042E-04    1.2432268395046203E-01
      4.9320797966098012E-01    3.7954914042418436E-06    1.9072412138779042E-06    1.7436188530017940E-04    1.3207523716995356E-01
      5.0038185491900844E-01    3.8588131597929662E-06    2.0249053109117588E-06    1.6975513495884082E-04    1.4022340081546172E-01
      5.0766007659546486E-01    3.9205447942234410E-06    2.1483778914199746E-06    1.6515860835559674E-04    1.4877379823554010E-01
      5.1504416244395479E-01    3.9803948024381740E-06    2.2777372458885292E-06    1.6057079968926971E-04    1.5773185099639042E-01
      5.2253565229431842E-01    4.0380768203263683E-06    2.4130438128213167E-06    1.5599138777740618E-04    1.6710174442584527E-01
      5.3013610837373670E-01    4.0933130236788086E-06    2.5543399172355905E-06    1.5142118048203838E-04    1.7688640950434456E-01
      5.3784711563250787E-01    4.1460410556944342E-06    2.7017832913835481E-06    1.4686925569738408E-04    1.8709676908971390E-01
      5.4567028207456370E-01    4.1970967275946829E-06    2.8561405809868081E-06    1.4237439745829248E-04    1.9778591290902678E-01
      5.5360723909279130E-01    4.2451963810666097E-06    3.0167607975710337E-06    1.3790065579879308E-04    2.0890876042579029E-01
      5.6165964180923367E-01    4.2886585286445188E-06    3.1825638348815560E-06    1.3340608510752642E-04    2.2039051497101678E-01
      5.6982916942023853E-01    4.3275463287831675E-06    3.3535904369708781E-06    1.2890849042448028E-04    2.3223399804434583E-01
      5.7811752554662676E-01    4.3619343430097149E-06    3.5298815005996956E-06    1.2442411092421622E-04    2.4444204172036196E-01
      5.8652643858895481E-01    4.3918717437046305E-06    3.7114481618189088E-06    1.1996669545165497E-04    2.5701541716348481E-01
      5.9505766208794419E-01    4.4173623565000837E-06    3.8982487125189414E-06    1.1554727251655369E-04    2.6995123611373745E-01
      6.0371297509015309E-01    4.4383617152300074E-06    4.0901758382015304E-06    1.1117445037002189E-04    2.8324206711058597E-01
      6.1249418251896770E-01    4.4547851250101350E-06    4.2870524560387089E-06    1.0685495946691933E-04    2.9687564728117904E-01
      6.2140311555099093E-01    4.4665203022844037E-06    4.4886327358154483E-06    1.0259421214436734E-04    3.1083495303997483E-01
      6.3044163199790071E-01    4.4734402159742921E-06    4.6946053149720740E-06    9.8396762961408052E-05    3.2509842272837675E-01
      6.3961161669386923E-01    4.4754141920787556E-06    4.9045970432986672E-06    9.4266641318279469E-05    3.3964021593243171E-01
      6.4891498188861263E-01    4.4723170424674116E-06    5.1181768439931473E-06    9.0207574828139161E-05    3.5443048085863871E-01
      6.5835366764615966E-01    4.4640365891693105E-06    5.3348598599095725E-06    8.6223132151479095E-05    3.6943564145899827E-01
      6.6792964224942020E-01    4.4504799862374683E-06    5.5541121780096501E-06    8.2316809065105414E-05    3.8461872459626506E-01
      6.7764490261063837E-01    4.4315797156907650E-06    5.7753571823315098E-06    7.8492085059453099E-05    3.9993979998298207E-01
      6.8750147468781542E-01    4.4073104779768457E-06    5.9979991346639989E-06    7.4752646226619043E-05    4.1535761312813019E-01
      6.9750141390719134E-01    4.3777492487562500E-06    6.2215146157988501E-06    7.1103246839017040E-05    4.3083591758549789E-01
      7.0764680559186743E-01    4.3430781584278039E-06    6.4454822019245014E-06    6.7549450552194809E-05    4.4634553002501864E-01
      7.1793976539667004E-01    4.3035229668148822E-06    6.6695181249085880E-06    6.4096442534812917E-05    4.6185987474838458E-01
      7.2838243974933170E-01    4.2593300512307765E-06    6.8932531632921783E-06    6.0748662529330139E-05    4.7735338340514177E-01
      7.3897700629809626E-01    4.2107547202603767E-06    7.1163208062437797E-06    5.7509685918216737E-05    4.9280067535405692E-01
      7.4972567436583082E-01    4.1580573952698501E-06    7.3383551994643051E-06    5.4382248072057900E-05    5.0817641541834691E-01
      7.6063068541074230E-01    4.1015035678618945E-06    7.5589949360877079E-06    5.1368323956455601E-05    5.2345557640312912E-01
      7.7169431349379969E-01    4.0413642147257022E-06    7.7778882634263667E-06    4.8469207519251362E-05    5.3861379965921719E-01
      7.8291886575294944E-01    3.9779153005666986E-06    7.9946972879153469E-06    4.5685573849281963E-05    5.5362768627282810E-01
      7.9430668288423212E-01    3.9114362542554363E-06    8.2091004681959766E-06    4.3017526486023735E-05    5.6847496971002898E-01
      8.0586013962989678E-01    3.8422077653017880E-06    8.4207935193435420E-06    4.0464636985229087E-05    5.8313457843392880E-01
      8.1758164527361310E-01    3.7705092800924265E-06    8.6294890759950312E-06    3.8025982370479711E-05    5.9758661257648882E-01
      8.2947364414288960E-01    3.6966164410438620E-06    8.8349153516739648E-06    3.5700183179812106E-05    6.1181225109762249E-01
      8.4153861611879632E-01    3.6207986390475609E-06    9.0368140022840222E-06    3.3485443273014061E-05    6.2579360383349314E-01
      8.5377907715310419E-01    3.5433168150991885E-06    9.2349374299406915E-06    3.1379591780626319E-05    6.3951352478857471E-01
      8.6619757979294609E-01    3.4644215390377033E-06    9.4290455850833230E-06    2.9380126381117140E-05    6.5295539068395292E-01
      8.7879671371310686E-01    3.3843513969311616E-06    9.6189023709105344E-06    2.7484257216689276E-05    6.6610285196677055E-01
      8.9157910625605863E-01    3.3033317887325877E-06    9.8042720074787863E-06    2.5688951382038388E-05    6.7893958102637419E-01
      9.0454742297985113E-01    3.2215742117954418E-06    9.9849157610257835E-06    2.3990977616509548E-05    6.9144904570204557E-01
      9.1770436821396695E-01    3.1392760184184417E-06    1.0160589283635942E-05    2.2386950193518481E-05    7.0361432505653376E-01
      9.3105268562326715E-01    3.0566204751100922E-06    1.0331040315274414E-05    2.0873370116878102E-05    7.1541795024337684E-01
      9.4459515878013867E-01    2.9737770067507347E-06    1.0496006559194249E-05    1.9446662650216572E-05    7.2684175738020373E-01
      9.5833461174495915E-01    2.8909015723614623E-06    1.0655213675646706E-05    1.8103210936946935E-05    7.3786674861445289E-01
      9.7227390965501126E-01    2.8081371508752198E-06    1.0808373419850292E-05    1.6839385796056708E-05    7.4847296317891698E-01
      9.8641595932195902E-01    2.7256142974822500E-06    1.0955181872856371E-05    1.5651571723327904E-05    7.5863935488031453E-01
      1.0007637098380155E+00    2.6434517855900564E-06    1.1095317907476504E-05    1.4536189497838519E-05    7.6834368586573742E-01
      1.0153201531909284E+00    2.5617573062920376E-06    1.1228441882160736E-05    1.3489715519746381E-05    7.7756243617455523E-01
      1.0300883248879082E+00    2.4806281948204666E-06    1.1354194520602371E-05    1.2508698029467191E-05    7.8627072615176086E-01
      1.0450713045886357E+00    2.4001521488349021E-06    1.1472195884792564E-05    1.1589770366955879E-05    7.9444224533265628E-01
      1.0602722167474716E+00    2.3204079889083565E-06    1.1582044726262911E-05    1.0729661854832862E-05    8.0204920751681630E-01
      1.0756942312650144E+00    2.2414664268480320E-06    1.1683318153840224E-05    9.9252064005039141E-06    8.0906232776031806E-01
      1.0913405641491261E+00    2.1633908183410695E-06    1.1775571571779886E-05    9.1733489903574512E-06    8.1545081809151509E-01
      1.1072144781855811E+00    2.0862378895074504E-06    1.1858338883732500E-05    8.4711503099853352E-06    8.2118240163559897E-01
      1.1233192836184660E+00    2.0100584431019825E-06    1.1931133038770824E-05    7.8157897726215083E-06    8.2622335042661466E-01
      1.1396583388404751E+00    1.9348980259417179E-06    1.1993446862998570E-05    7.2045671120401821E-06    8.3053854299583996E-01
      1.1562350510932515E+00    1.8607975648204400E-06    1.2044754250491547E-05    6.6349027864141571E-06    8.3409154684370013E-01
      1.1730528771779078E+00    1.7877939655299803E-06    1.2084511720539027E-05    6.1043373619822063E-06    8.3684472627773798E-01
      1.1901153241758864E+00    1.7159206773680084E-06    1.2112160391703596E-05    5.6105300551380386E-06    8.3875937911500009E-01
      1.2074259501803042E+00    1.6452082197329992E-06    1.2127128387600906E-05    5.1512565702291444E-06    8.3979590328074871E-01
      1.2249883650379345E+00    1.5756846741353627E-06    1.2128833733333526E-05    4.7244063760257272E-06    8.3991399738465844E-01
      1.2428062311019807E+00    1.5073761479312875E-06    1.2116687833548640E-05    4.3279795522010876E-06    8.3907290157409253E-01
      1.2608832639958005E+00    1.4403072027345098E-06    1.2090099529763979E-05    3.9600832797821473E-06    8.3723167850133506E-01
      1.2792232333877376E+00    1.3745012444808902E-06    1.2048479752849518E-05    3.6189280545905151E-06    8.3434953550498003E-01
      1.2978299637772237E+00    1.3099808870496395E-06    1.1991246910383270E-05    3.3028237312410577E-06    8.3038619768088240E-01
      1.3167073352923175E+00    1.2467682779056399E-06    1.1917832964085268E-05    3.0101754275756829E-06    8.2530232874058396E-01
      1.3358592844988388E+00    1.1848853965705583E-06    1.1827690336220209E-05    2.7394793723134982E-06    8.1906000927529021E-01
      1.3552898052212747E+00    1.1243543209799325E-06    1.1720299655712320E-05    2.4893187266508610E-06    8.1162327316938199E-01
      1.3750029493756295E+00    1.0651974604873545E-06    1.1595178377755126E-05    2.2583594156570647E-06    8.0295870450289231E-01
      1.3950028278143809E+00    1.0074377558292155E-06    1.1451890321087023E-05    2.0453460030865641E-06    7.9303609800175523E-01
      1.4152936111837331E+00    9.5109884418564805E-07    1.1290056138996979E-05    1.8490976331182267E-06    7.8182918414826907E-01
      1.4358795307933379E+00    8.9620518478253928E-07    1.1109364693565218E-05    1.6685040537941603E-06    7.6931641684000696E-01
      1.4567648794986612E+00    8.4278213940947892E-07    1.0909585263485713E-05    1.5025217333750310E-06    7.5548181877373533E-01
      1.4779540125961907E+00    7.9085601441162500E-07    1.0690580639794301E-05    1.3501701006385427E-06    7.4031588831623041E-01
      1.4994513487316594E+00    7.4045405112153464E-07    1.0452320904078009E-05    1.2105278999954151E-06    7.2381655363648278E-01
      1.5212613708214826E+00    6.9160436583546314E-07    1.0194897806973882E-05    1.0827296784620003E-06    7.0599016840756745E-01
      1.5433886269875974E+00    6.4433582864837499E-07    9.9185394630886264E-06    9.6596239943714526E-07    6.8685252942045327E-01
      1.5658377315058969E+00    5.9867787986499523E-07    9.6236251363168244E-06    8.5946219394766719E-07    6.6642990045785555E-01
      1.5886133657684622E+00    5.5466027836860827E-07    9.3106997639920879E-06    7.6251125112636625E-07    6.4476001808243655E-01
      1.6117202792597913E+00    5.1231277778322048E-07    8.9804878053073310E-06    6.7443485107395334E-07    6.2189305063107359E-01
      1.6351632905472240E+00    4.7166472448872675E-07    8.6339058745405023E-06    5.9459853980740884E-07    5.9789247305768034E-01
      1.6589472882857768E+00    4.3274457718512178E-07    8.2720736077107500E-06    5.2240545245804963E-07    5.7283581944221329E-01
      1.6830772322375900E+00    3.9557934633572263E-07    7.8963220858033088E-06    4.5729378661281675E-07    5.4681526629362065E-01
      1.7075581543062059E+00    3.6019395396215123E-07    7.5081990613638932E-06    3.9873442832635962E-07    5.1993799448816924E-01
      1.7323951595858889E+00    3.2661051910581968E-07    7.1094702177450766E-06    3.4622873619027962E-07    4.9232627647145288E-01
      1.7575934274262104E+00    2.9484757621476850E-07    6.7021156356118922E-06    2.9930648719545588E-07    4.6411723156615969E-01
      1.7831582125121148E+00    2.6491923792225276E-07    6.2883206483979267E-06    2.5752398859707581E-07    4.3546219271824127E-01
      1.8090948459596996E+00    2.3683431993951119E-07    5.8704603583146223E-06    2.2046236152524806E-07    4.0652563424043620E-01
      1.8354087364279308E+00    2.1059544774495938E-07    5.4510771282561693E-06    1.8772599844626258E-07    3.7748361314104451E-01
      1.8621053712465321E+00    1.8619817400789893E-07    5.0328506340140396E-06    1.5894119963543173E-07    3.4852169525889271E-01
      1.8891903175602747E+00    1.6363013694221201E-07    4.6185602271800715E-06    1.3375498840785701E-07    3.1983234891838530E-01
      1.9166692234899156E+00    1.4287029684762616E-07    4.2110397465649489E-06    1.1183410502385732E-07    2.9161181564906735E-01
      1.9445478193100199E+00    1.2388829065820969E-07    3.8131252983701162E-06    9.2864175159562415E-08    2.6405649399584713E-01
      1.9728319186439149E+00    1.0664394636870508E-07    3.4275969939643966E-06    7.6549045154260274E-08    2.3735890489720096E-01
      2.0015274196760284E+00    9.1086999449805276E-08    3.0571161559915776E-06    6.2610272107551569E-08    2.1170334324818785E-01
      2.0306403063818537E+00    7.7157050489212339E-08    2.7041600257864667E-06    5.0786751875644794E-08    1.8726135643067074E-01
      2.0601766497758134E+00    6.4783796923530829E-08    2.3709564816046551E-06    4.0834462547168132E-08    1.6418722359237989E-01
      2.0901426091772684E+00    5.3887564151048222E-08    2.0594217466951147E-06    3.2526297054149150E-08    1.4261364197068460E-01
      2.1205444334949402E+00    4.4380147993440377E-08    1.7711043267694143E-06    2.5651953412570067E-08    1.2264784459810657E-01
      2.1513884625300257E+00    3.6165964970007225E-08    1.5071385064080434E-06    2.0017847618705768E-08    1.0436837995812881E-01
      2.1826811282982490E+00    2.9143489562454228E-08    1.2682106018517287E-06    1.5447012525818052E-08    8.7822775012526236E-02
      2.2144289563711590E+00    2.3206938694956577E-08    1.0545407415014932E-06    1.1778945902353769E-08    7.3026273512619574E-02
      2.2466385672369280E+00    1.8248145228054905E-08    8.6588223783316615E-07    8.8693731351561783E-09    5.9961792504755848E-02
      2.2793166776809475E+00    1.4158545658441068E-08    7.0153962686735140E-07    6.5898945989335633E-09    4.8581171552093842E-02
      2.3124701021865004E+00    1.0831194647525558E-08    5.6040525382193543E-07    4.8274947330177741E-09    3.8807706267697306E-02
      2.3461057543558130E+00    8.1627119168046382E-09    4.4101295709350141E-07    3.4838988922638942E-09    3.0539865895995444E-02
      2.3802306483517692E+00    6.0550669992449919E-09    3.4160608002399879E-07    2.4747746088449099E-09    2.3656003084230794E-02
      2.4148519003606048E+00    4.4171148947233092E-09    2.6021585785470007E-07    1.7287851356736659E-09    1.8019782129006876E-02
      2.4499767300758655E+00    3.1658109120656950E-09    1.9474534000867076E-07    1.1865141471327541E-09    1.3485990540803730E-02
      2.4856124622039575E+00    2.2270546861887588E-09    1.4305353235543980E-07    7.9929014041108833E-10    9.9063658421204102E-03
      2.5217665279915962E+00    1.5361397762516673E-09    1.0303447246955564E-07    5.2794652347370231E-10    7.1350714786770405E-03
      2.5584464667754703E+00    1.0378136009278184E-09    7.2686497943973694E-08    3.4155778058713967E-10    5.0334936059211206E-03
      2.5956599275544434E+00    6.8597977442883393E-10    5.0167986558256954E-08    2.1619306630092779E-10    3.4741010601111117E-03
      2.6334146705846306E+00    4.4309821194225987E-10    3.3837220384677291E-08    1.3372606734828481E-10    2.3432059222291616E-03
      2.6717185689976737E+00    2.7935512713412567E-10    2.2275576059598261E-08    8.0734348924054298E-11    1.5425694294781119E-03
      2.7105796104425455E+00    1.7168373204207597E-10    1.4294773984385580E-08    4.7513439631420780E-11    9.8990397781927898E-04
      2.7500058987512550E+00    1.0271661555013917E-10    8.9302347565111100E-09    2.7221600275636765E-11    6.1841305906525632E-04
      2.7900056556287565E+00    5.9743176422496809E-11    5.4235372359068582E-09    1.5161664628956482E-11    3.7557649316733414E-04
      2.8305872223674622E+00    3.3731915465803746E-11    3.1974629054069235E-09    8.1975713446702121E-12    2.2142226609873531E-04
      2.8717590615866722E+00    1.8460262142266253E-11    1.8271346643670382E-09    4.2960338131088889E-12    1.2652790972729504E-04
      2.9135297589973188E+00    9.7765531304902067E-12    1.0103795754968347E-09    2.1787189816264482E-12    6.9968140943269417E-05
      2.9559080251923771E+00    5.0021513639787433E-12    5.3978345795716155E-10    1.0674754771159395E-12    3.7379660061537277E-05
      2.9989026974633144E+00    2.4682297153302131E-12    2.7810579613767068E-10    5.0439674978471372E-13    1.9258648940654140E-05
      3.0425227416429612E+00    1.1723728037783138E-12    1.3792710397625259E-10    2.2942358586384629E-13    9.5513639477143701E-06
      3.0867772539751903E+00    5.3499127754838721E-13    6.5718496442586520E-11    1.0025467992805694E-13    4.5509639477951309E-06
      3.1316754630117893E+00    2.3406130425347460E-13    3.0020996749792234E-11    4.2002312269602862E-14    2.0789348704065095E-06
      3.1772267315369200E+00    9.7963227012143093E-14    1.3119297751819078E-11    1.6834192411684695E-14    9.0850299871176532E-07
      3.2234405585195782E+00    3.9132574182186268E-14    5.4718641517715729E-12    6.4395162938604857E-15    3.7892310125658929E-07
      3.2703265810944431E+00    1.4882798370197128E-14    2.1728420152082045E-12    2.3452279022879317E-15    1.5046792319885081E-07
      3.3178945765715486E+00    5.3748060873074743E-15    8.1931369102772102E-13    8.1105233720613157E-16    5.6736950350950034E-08
      3.3661544644751751E+00    1.8380643391905022E-15    2.9254258850671199E-13    2.6560265642416139E-16    2.0258387600997795E-08
      3.4151163086124066E+00    5.9345364422136741E-16    9.8617326065940292E-14    8.2119090619045907E-17    6.8291869085309754E-09
      3.4647903191717733E+00    1.8032877341521504E-16    3.1287184552077900E-14    2.3895052235773715E-17    2.1666175678397077E-09
      3.5151868548524163E+00    5.1398962437628567E-17    9.3108195017202936E-15    6.5220321166436299E-18    6.4476830984371772E-10
      3.5663164250242252E+00    1.3691594664236820E-17    2.5895018777210822E-15    1.6636740388515749E-18    1.7932135283332151E-10
      3.6181896919193948E+00    3.3944422983456403E-18    6.7027950350927457E-16    3.9497377604816237E-19    4.6416427954672660E-11
      3.6708174728558567E+00    7.7986112104857184E-19    1.6077811515572099E-16    8.6896588438822606E-20    1.1133781892094402E-11
      3.7242107424930597E+00    1.6544683688243918E-19    3.5611635913035650E-17    1.7653448315279315E-20    2.4660830654246328E-12
      3.7783806351205445E+00    3.2446495958796353E-20    7.2917254761002372E-18    3.3153127931875189E-21    5.0494733682688941E-13
      3.8333384469798264E+00    5.8885179770735981E-21    1.3816493203687024E-18    5.7616694338612874E-22    9.5678333891689624E-14
      3.8890956386200335E+00    9.8675448706880736E-22    2.4172895743695408E-19    9.2456418842931801E-23    1.6739576070410544E-14
      3.9456638372878250E+00    1.5189653943650706E-22    3.8849927105428070E-20    1.3628920642036102E-23    2.6903326643471423E-15
      4.0030548393520506E+00    2.1305562708877444E-23    5.6892149238526329E-21    1.8305947701988082E-24    3.9397450354529646E-16
      4.0612806127637011E+00    2.7003092176423315E-24    7.5281573775665521E-22    2.2217660822048413E-25    5.2132009515105257E-17
      4.1203532995516206E+00    3.0746825141070119E-25    8.9493089585702797E-23    2.4225387737565241E-26    6.1973393538780081E-18
      4.1802852183545296E+00    3.1199364966494691E-26    9.4808209948667316E-24    2.3539749587597597E-27    6.5654080477680969E-19
      4.2410888669898741E+00    2.7947624334486006E-27    8.8666644098253267E-25    2.0192337954974133E-28    6.1401085311752003E-20
      4.3027769250600452E+00    2.2306968755141323E-28    7.3892477540318451E-26    1.5504372476825924E-29    5.1170069235079939E-21
      4.3653622565964909E+00    1.6071109209101366E-29    5.5579643019794352E-27    1.0876714590637662E-30    3.8488548172337378E-22
      4.4288579127423109E+00    1.0130060469016396E-30    3.6574709298786806E-28    6.6900631302154554E-32    2.5327752829111286E-23
      4.4932771344738507E+00    5.5491095305952681E-32    2.0916341986084051E-29    3.5805767633104818E-33    1.4484433371293315E-24
      4.5586333553618887E+00    2.6357757589102188E-33    1.0371664292048933E-30    1.6669467620701066E-34    7.1823113471539865E-26
      4.6249402043729946E+00    1.0704702297859574E-34    4.3935209818110527E-32    7.1139287498901569E-36    3.0424852476001997E-27
