   0.29539E+09   0.99999E-03   0.67375E-14   0.68080E-25
   0.29539E+09   0.99999E-03   0.67375E-14   0.68080E-25
   0.29539E+09   0.99999E-03   0.67375E-14   0.68080E-25
   0.29539E+09   0.99999E-03   0.67375E-14   0.68080E-25
   0.29539E+09   0.99999E-03   0.67375E-14   0.68080E-25
   0.29539E+09   0.99999E-03   0.67375E-14   0.68080E-25
   0.29539E+09   0.99999E-03   0.67375E-14   0.68080E-25
   0.29539E+09   0.99999E-03   0.67375E-14   0.68080E-25
   0.29539E+09   0.99999E-03   0.67375E-14   0.68080E-25
   0.29539E+09   0.99999E-03   0.67375E-14   0.68080E-25
   0.29539E+09   0.99999E-03   0.67375E-14   0.68080E-25
   0.29539E+09   0.99999E-03   0.67375E-14   0.68080E-25
   0.29539E+09   0.99999E-03   0.67375E-14   0.68080E-25
   0.29539E+09   0.99999E-03   0.67375E-14   0.68080E-25
   0.29539E+09   0.99999E-03   0.67375E-14   0.68080E-25
   0.29539E+09   0.99999E-03   0.67375E-14   0.68080E-25
   0.29539E+09   0.99999E-03   0.67375E-14   0.68080E-25
   0.29539E+09   0.99999E-03   0.67375E-14   0.68080E-25
   0.29539E+09   0.99999E-03   0.67375E-14   0.68080E-25
   0.29539E+09   0.99999E-03   0.67375E-14   0.68080E-25
   0.29288E+09   0.99999E-03   0.68741E-14   0.72122E-25
   0.29288E+09   0.99999E-03   0.68741E-14   0.72122E-25
   0.29288E+09   0.99999E-03   0.68741E-14   0.72122E-25
   0.29288E+09   0.99999E-03   0.68741E-14   0.72122E-25
   0.29288E+09   0.99999E-03   0.68741E-14   0.72122E-25
   0.29288E+09   0.99999E-03   0.68741E-14   0.72122E-25
   0.29288E+09   0.99999E-03   0.68741E-14   0.72122E-25
   0.29288E+09   0.99999E-03   0.68741E-14   0.72122E-25
   0.29288E+09   0.99999E-03   0.68741E-14   0.72122E-25
   0.29288E+09   0.99999E-03   0.68741E-14   0.72122E-25
   0.29288E+09   0.99999E-03   0.68741E-14   0.72122E-25
   0.29288E+09   0.99999E-03   0.68741E-14   0.72122E-25
   0.29288E+09   0.99999E-03   0.68741E-14   0.72122E-25
   0.29288E+09   0.99999E-03   0.68741E-14   0.72122E-25
   0.29288E+09   0.99999E-03   0.68741E-14   0.72122E-25
   0.29288E+09   0.99999E-03   0.68741E-14   0.72122E-25
   0.29288E+09   0.99999E-03   0.68741E-14   0.72122E-25
   0.29288E+09   0.99999E-03   0.68741E-14   0.72122E-25
   0.29288E+09   0.99999E-03   0.68741E-14   0.72122E-25
   0.29288E+09   0.99999E-03   0.68741E-14   0.72122E-25
   0.29035E+09   0.99999E-03   0.70210E-14   0.76844E-25
   0.29035E+09   0.99999E-03   0.70210E-14   0.76844E-25
   0.29035E+09   0.99999E-03   0.70210E-14   0.76844E-25
   0.29035E+09   0.99999E-03   0.70210E-14   0.76844E-25
   0.29035E+09   0.99999E-03   0.70210E-14   0.76844E-25
   0.29035E+09   0.99999E-03   0.70210E-14   0.76844E-25
   0.29035E+09   0.99999E-03   0.70210E-14   0.76844E-25
   0.29035E+09   0.99999E-03   0.70210E-14   0.76844E-25
   0.29035E+09   0.99999E-03   0.70210E-14   0.76844E-25
   0.29035E+09   0.99999E-03   0.70210E-14   0.76844E-25
   0.29035E+09   0.99999E-03   0.70210E-14   0.76844E-25
   0.29035E+09   0.99999E-03   0.70210E-14   0.76844E-25
   0.29035E+09   0.99999E-03   0.70210E-14   0.76844E-25
   0.29035E+09   0.99999E-03   0.70210E-14   0.76844E-25
   0.29035E+09   0.99999E-03   0.70210E-14   0.76844E-25
   0.29035E+09   0.99999E-03   0.70210E-14   0.76844E-25
   0.29035E+09   0.99999E-03   0.70210E-14   0.76844E-25
   0.29035E+09   0.99999E-03   0.70210E-14   0.76844E-25
   0.29035E+09   0.99999E-03   0.70210E-14   0.76844E-25
   0.29035E+09   0.99999E-03   0.70210E-14   0.76844E-25
   0.28779E+09   0.99999E-03   0.71819E-14   0.82758E-25
   0.28779E+09   0.99999E-03   0.71819E-14   0.82758E-25
   0.28779E+09   0.99999E-03   0.71819E-14   0.82758E-25
   0.28779E+09   0.99999E-03   0.71819E-14   0.82758E-25
   0.28779E+09   0.99999E-03   0.71819E-14   0.82758E-25
   0.28779E+09   0.99999E-03   0.71819E-14   0.82758E-25
   0.28779E+09   0.99999E-03   0.71819E-14   0.82758E-25
   0.28779E+09   0.99999E-03   0.71819E-14   0.82758E-25
   0.28779E+09   0.99999E-03   0.71819E-14   0.82758E-25
   0.28779E+09   0.99999E-03   0.71819E-14   0.82758E-25
   0.28779E+09   0.99999E-03   0.71819E-14   0.82758E-25
   0.28779E+09   0.99999E-03   0.71819E-14   0.82758E-25
   0.28779E+09   0.99999E-03   0.71819E-14   0.82758E-25
   0.28779E+09   0.99999E-03   0.71819E-14   0.82758E-25
   0.28779E+09   0.99999E-03   0.71819E-14   0.82758E-25
   0.28779E+09   0.99999E-03   0.71819E-14   0.82758E-25
   0.28779E+09   0.99999E-03   0.71819E-14   0.82758E-25
   0.28779E+09   0.99999E-03   0.71819E-14   0.82758E-25
   0.28779E+09   0.99999E-03   0.71819E-14   0.82758E-25
   0.28779E+09   0.99999E-03   0.71819E-14   0.82758E-25
   0.28522E+09   0.99999E-03   0.73650E-14   0.91893E-25
   0.28522E+09   0.99999E-03   0.73650E-14   0.91893E-25
   0.28522E+09   0.99999E-03   0.73650E-14   0.91893E-25
   0.28522E+09   0.99999E-03   0.73650E-14   0.91893E-25
   0.28522E+09   0.99999E-03   0.73650E-14   0.91893E-25
   0.28522E+09   0.99999E-03   0.73650E-14   0.91893E-25
   0.28522E+09   0.99999E-03   0.73650E-14   0.91893E-25
   0.28522E+09   0.99999E-03   0.73650E-14   0.91893E-25
   0.28522E+09   0.99999E-03   0.73650E-14   0.91893E-25
   0.28522E+09   0.99999E-03   0.73650E-14   0.91893E-25
   0.28522E+09   0.99999E-03   0.73650E-14   0.91893E-25
   0.28522E+09   0.99999E-03   0.73650E-14   0.91893E-25
   0.28522E+09   0.99999E-03   0.73650E-14   0.91893E-25
   0.28522E+09   0.99999E-03   0.73650E-14   0.91893E-25
   0.28522E+09   0.99999E-03   0.73650E-14   0.91893E-25
   0.28522E+09   0.99999E-03   0.73650E-14   0.91893E-25
   0.28522E+09   0.99999E-03   0.73650E-14   0.91893E-25
   0.28522E+09   0.99999E-03   0.73650E-14   0.91893E-25
   0.28522E+09   0.99999E-03   0.73650E-14   0.91893E-25
   0.28522E+09   0.99999E-03   0.73650E-14   0.91893E-25
   0.28261E+09   0.99999E-03   0.75964E-14   0.12027E-24
   0.28261E+09   0.99999E-03   0.75964E-14   0.12027E-24
   0.28261E+09   0.99999E-03   0.75964E-14   0.12027E-24
   0.28261E+09   0.99999E-03   0.75964E-14   0.12027E-24
   0.28261E+09   0.99999E-03   0.75964E-14   0.12027E-24
   0.28261E+09   0.99999E-03   0.75964E-14   0.12027E-24
   0.28261E+09   0.99999E-03   0.75964E-14   0.12027E-24
   0.28261E+09   0.99999E-03   0.75964E-14   0.12027E-24
   0.28261E+09   0.99999E-03   0.75964E-14   0.12027E-24
   0.28261E+09   0.99999E-03   0.75964E-14   0.12027E-24
   0.28261E+09   0.99999E-03   0.75964E-14   0.12027E-24
   0.28261E+09   0.99999E-03   0.75964E-14   0.12027E-24
   0.28261E+09   0.99999E-03   0.75964E-14   0.12027E-24
   0.28261E+09   0.99999E-03   0.75964E-14   0.12027E-24
   0.28261E+09   0.99999E-03   0.75964E-14   0.12027E-24
   0.28261E+09   0.99999E-03   0.75964E-14   0.12027E-24
   0.28261E+09   0.99999E-03   0.75964E-14   0.12027E-24
   0.28261E+09   0.99999E-03   0.75964E-14   0.12027E-24
   0.28261E+09   0.99999E-03   0.75964E-14   0.12027E-24
   0.28261E+09   0.99999E-03   0.75964E-14   0.12027E-24
   0.27994E+09   0.99999E-03   0.79975E-14   0.37977E-24
   0.27994E+09   0.99999E-03   0.79975E-14   0.37977E-24
   0.27994E+09   0.99999E-03   0.79975E-14   0.37977E-24
   0.27994E+09   0.99999E-03   0.79975E-14   0.37977E-24
   0.27994E+09   0.99999E-03   0.79975E-14   0.37977E-24
   0.27994E+09   0.99999E-03   0.79975E-14   0.37977E-24
   0.27994E+09   0.99999E-03   0.79975E-14   0.37977E-24
   0.27994E+09   0.99999E-03   0.79975E-14   0.37977E-24
   0.27994E+09   0.99999E-03   0.79975E-14   0.37977E-24
   0.27994E+09   0.99999E-03   0.79975E-14   0.37977E-24
   0.27994E+09   0.99999E-03   0.79975E-14   0.37977E-24
   0.27994E+09   0.99999E-03   0.79975E-14   0.37977E-24
   0.27994E+09   0.99999E-03   0.79975E-14   0.37977E-24
   0.27994E+09   0.99999E-03   0.79975E-14   0.37977E-24
   0.27994E+09   0.99999E-03   0.79975E-14   0.37977E-24
   0.27994E+09   0.99999E-03   0.79975E-14   0.37977E-24
   0.27994E+09   0.99999E-03   0.79975E-14   0.37977E-24
   0.27994E+09   0.99999E-03   0.79975E-14   0.37977E-24
   0.27994E+09   0.99999E-03   0.79975E-14   0.37977E-24
   0.27994E+09   0.99999E-03   0.79975E-14   0.37977E-24
   0.27714E+09   0.99999E-03   0.93125E-14   0.49061E-23
   0.27714E+09   0.99999E-03   0.93125E-14   0.49061E-23
   0.27714E+09   0.99999E-03   0.93125E-14   0.49061E-23
   0.27714E+09   0.99999E-03   0.93125E-14   0.49061E-23
   0.27714E+09   0.99999E-03   0.93125E-14   0.49061E-23
   0.27714E+09   0.99999E-03   0.93125E-14   0.49061E-23
   0.27714E+09   0.99999E-03   0.93125E-14   0.49061E-23
   0.27714E+09   0.99999E-03   0.93125E-14   0.49061E-23
   0.27714E+09   0.99999E-03   0.93125E-14   0.49061E-23
   0.27714E+09   0.99999E-03   0.93125E-14   0.49061E-23
   0.27714E+09   0.99999E-03   0.93125E-14   0.49061E-23
   0.27714E+09   0.99999E-03   0.93125E-14   0.49061E-23
   0.27714E+09   0.99999E-03   0.93125E-14   0.49061E-23
   0.27714E+09   0.99999E-03   0.93125E-14   0.49061E-23
   0.27714E+09   0.99999E-03   0.93125E-14   0.49061E-23
   0.27714E+09   0.99999E-03   0.93125E-14   0.49061E-23
   0.27714E+09   0.99999E-03   0.93125E-14   0.49061E-23
   0.27714E+09   0.99999E-03   0.93125E-14   0.49061E-23
   0.27714E+09   0.99999E-03   0.93125E-14   0.49061E-23
   0.27714E+09   0.99999E-03   0.93125E-14   0.49061E-23
   0.27406E+09   0.99999E-03   0.17171E-13   0.10960E-21
   0.27406E+09   0.99999E-03   0.17171E-13   0.10960E-21
   0.27406E+09   0.99999E-03   0.17171E-13   0.10960E-21
   0.27406E+09   0.99999E-03   0.17171E-13   0.10960E-21
   0.27406E+09   0.99999E-03   0.17171E-13   0.10960E-21
   0.27406E+09   0.99999E-03   0.17171E-13   0.10960E-21
   0.27406E+09   0.99999E-03   0.17171E-13   0.10960E-21
   0.27406E+09   0.99999E-03   0.17171E-13   0.10960E-21
   0.27406E+09   0.99999E-03   0.17171E-13   0.10960E-21
   0.27406E+09   0.99999E-03   0.17171E-13   0.10960E-21
   0.27406E+09   0.99999E-03   0.17171E-13   0.10960E-21
   0.27406E+09   0.99999E-03   0.17171E-13   0.10960E-21
   0.27406E+09   0.99999E-03   0.17171E-13   0.10960E-21
   0.27406E+09   0.99999E-03   0.17171E-13   0.10960E-21
   0.27406E+09   0.99999E-03   0.17171E-13   0.10960E-21
   0.27406E+09   0.99999E-03   0.17171E-13   0.10960E-21
   0.27406E+09   0.99999E-03   0.17171E-13   0.10960E-21
   0.27406E+09   0.99999E-03   0.17171E-13   0.10960E-21
   0.27406E+09   0.99999E-03   0.17171E-13   0.10960E-21
   0.27406E+09   0.99999E-03   0.17171E-13   0.10960E-21
   0.27021E+09   0.99999E-03   0.78256E-13   0.25293E-20
   0.27021E+09   0.99999E-03   0.78256E-13   0.25293E-20
   0.27021E+09   0.99999E-03   0.78256E-13   0.25293E-20
   0.27021E+09   0.99999E-03   0.78256E-13   0.25293E-20
   0.27021E+09   0.99999E-03   0.78256E-13   0.25293E-20
   0.27021E+09   0.99999E-03   0.78256E-13   0.25293E-20
   0.27021E+09   0.99999E-03   0.78256E-13   0.25293E-20
   0.27021E+09   0.99999E-03   0.78256E-13   0.25293E-20
   0.27021E+09   0.99999E-03   0.78256E-13   0.25293E-20
   0.27021E+09   0.99999E-03   0.78256E-13   0.25293E-20
   0.27021E+09   0.99999E-03   0.78256E-13   0.25293E-20
   0.27021E+09   0.99999E-03   0.78256E-13   0.25293E-20
   0.27021E+09   0.99999E-03   0.78256E-13   0.25293E-20
   0.27021E+09   0.99999E-03   0.78256E-13   0.25293E-20
   0.27021E+09   0.99999E-03   0.78256E-13   0.25293E-20
   0.27021E+09   0.99999E-03   0.78256E-13   0.25293E-20
   0.27021E+09   0.99999E-03   0.78256E-13   0.25293E-20
   0.27021E+09   0.99999E-03   0.78256E-13   0.25293E-20
   0.27021E+09   0.99999E-03   0.78256E-13   0.25293E-20
   0.27021E+09   0.99999E-03   0.78256E-13   0.25293E-20
   0.26428E+09   0.99999E-03   0.54929E-12   0.46277E-19
   0.26428E+09   0.99999E-03   0.54929E-12   0.46277E-19
   0.26428E+09   0.99999E-03   0.54929E-12   0.46277E-19
   0.26428E+09   0.99999E-03   0.54929E-12   0.46277E-19
   0.26428E+09   0.99999E-03   0.54929E-12   0.46277E-19
   0.26428E+09   0.99999E-03   0.54929E-12   0.46277E-19
   0.26428E+09   0.99999E-03   0.54929E-12   0.46277E-19
   0.26428E+09   0.99999E-03   0.54929E-12   0.46277E-19
   0.26428E+09   0.99999E-03   0.54929E-12   0.46277E-19
   0.26428E+09   0.99999E-03   0.54929E-12   0.46277E-19
   0.26428E+09   0.99999E-03   0.54929E-12   0.46277E-19
   0.26428E+09   0.99999E-03   0.54929E-12   0.46277E-19
   0.26428E+09   0.99999E-03   0.54929E-12   0.46277E-19
   0.26428E+09   0.99999E-03   0.54929E-12   0.46277E-19
   0.26428E+09   0.99999E-03   0.54929E-12   0.46277E-19
   0.26428E+09   0.99999E-03   0.54929E-12   0.46277E-19
   0.26428E+09   0.99999E-03   0.54929E-12   0.46277E-19
   0.26428E+09   0.99999E-03   0.54929E-12   0.46277E-19
   0.26428E+09   0.99999E-03   0.54929E-12   0.46277E-19
   0.26428E+09   0.99999E-03   0.54929E-12   0.46277E-19
   0.25315E+09   0.99999E-03   0.36163E-11   0.61200E-18
   0.25315E+09   0.99999E-03   0.36163E-11   0.61200E-18
   0.25315E+09   0.99999E-03   0.36163E-11   0.61200E-18
   0.25315E+09   0.99999E-03   0.36163E-11   0.61200E-18
   0.25315E+09   0.99999E-03   0.36163E-11   0.61200E-18
   0.25315E+09   0.99999E-03   0.36163E-11   0.61200E-18
   0.25315E+09   0.99999E-03   0.36163E-11   0.61200E-18
   0.25315E+09   0.99999E-03   0.36163E-11   0.61200E-18
   0.25315E+09   0.99999E-03   0.36163E-11   0.61200E-18
   0.25315E+09   0.99999E-03   0.36163E-11   0.61200E-18
   0.25315E+09   0.99999E-03   0.36163E-11   0.61200E-18
   0.25315E+09   0.99999E-03   0.36163E-11   0.61200E-18
   0.25315E+09   0.99999E-03   0.36163E-11   0.61200E-18
   0.25315E+09   0.99999E-03   0.36163E-11   0.61200E-18
   0.25315E+09   0.99999E-03   0.36163E-11   0.61200E-18
   0.25315E+09   0.99999E-03   0.36163E-11   0.61200E-18
   0.25315E+09   0.99999E-03   0.36163E-11   0.61200E-18
   0.25315E+09   0.99999E-03   0.36163E-11   0.61200E-18
   0.25315E+09   0.99999E-03   0.36163E-11   0.61200E-18
   0.25315E+09   0.99999E-03   0.36163E-11   0.61200E-18
   0.23172E+09   0.99999E-03   0.19418E-10   0.61026E-17
   0.23172E+09   0.99999E-03   0.19418E-10   0.61026E-17
   0.23172E+09   0.99999E-03   0.19418E-10   0.61026E-17
   0.23172E+09   0.99999E-03   0.19418E-10   0.61026E-17
   0.23172E+09   0.99999E-03   0.19418E-10   0.61026E-17
   0.23172E+09   0.99999E-03   0.19418E-10   0.61026E-17
   0.23172E+09   0.99999E-03   0.19418E-10   0.61026E-17
   0.23172E+09   0.99999E-03   0.19418E-10   0.61026E-17
   0.23172E+09   0.99999E-03   0.19418E-10   0.61026E-17
   0.23172E+09   0.99999E-03   0.19418E-10   0.61026E-17
   0.23172E+09   0.99999E-03   0.19418E-10   0.61026E-17
   0.23172E+09   0.99999E-03   0.19418E-10   0.61026E-17
   0.23172E+09   0.99999E-03   0.19418E-10   0.61026E-17
   0.23172E+09   0.99999E-03   0.19418E-10   0.61026E-17
   0.23172E+09   0.99999E-03   0.19418E-10   0.61026E-17
   0.23172E+09   0.99999E-03   0.19418E-10   0.61026E-17
   0.23172E+09   0.99999E-03   0.19418E-10   0.61026E-17
   0.23172E+09   0.99999E-03   0.19418E-10   0.61026E-17
   0.23172E+09   0.99999E-03   0.19418E-10   0.61026E-17
   0.23172E+09   0.99999E-03   0.19418E-10   0.61026E-17
   0.19749E+09   0.99999E-03   0.83033E-10   0.50067E-16
   0.19749E+09   0.99999E-03   0.83033E-10   0.50067E-16
   0.19749E+09   0.99999E-03   0.83033E-10   0.50067E-16
   0.19749E+09   0.99999E-03   0.83033E-10   0.50067E-16
   0.19749E+09   0.99999E-03   0.83033E-10   0.50067E-16
   0.19749E+09   0.99999E-03   0.83033E-10   0.50067E-16
   0.19749E+09   0.99999E-03   0.83033E-10   0.50067E-16
   0.19749E+09   0.99999E-03   0.83033E-10   0.50067E-16
   0.19749E+09   0.99999E-03   0.83033E-10   0.50067E-16
   0.19749E+09   0.99999E-03   0.83033E-10   0.50067E-16
   0.19749E+09   0.99999E-03   0.83033E-10   0.50067E-16
   0.19749E+09   0.99999E-03   0.83033E-10   0.50067E-16
   0.19749E+09   0.99999E-03   0.83033E-10   0.50067E-16
   0.19749E+09   0.99999E-03   0.83033E-10   0.50067E-16
   0.19749E+09   0.99999E-03   0.83033E-10   0.50067E-16
   0.19749E+09   0.99999E-03   0.83033E-10   0.50067E-16
   0.19749E+09   0.99999E-03   0.83033E-10   0.50067E-16
   0.19749E+09   0.99999E-03   0.83033E-10   0.50067E-16
   0.19749E+09   0.99999E-03   0.83033E-10   0.50067E-16
   0.19749E+09   0.99999E-03   0.83033E-10   0.50067E-16
   0.15797E+09   0.99999E-03   0.28405E-09   0.35317E-15
   0.15797E+09   0.99999E-03   0.28405E-09   0.35317E-15
   0.15797E+09   0.99999E-03   0.28405E-09   0.35317E-15
   0.15797E+09   0.99999E-03   0.28405E-09   0.35317E-15
   0.15797E+09   0.99999E-03   0.28405E-09   0.35317E-15
   0.15797E+09   0.99999E-03   0.28405E-09   0.35317E-15
   0.15797E+09   0.99999E-03   0.28405E-09   0.35317E-15
   0.15797E+09   0.99999E-03   0.28405E-09   0.35317E-15
   0.15797E+09   0.99999E-03   0.28405E-09   0.35317E-15
   0.15797E+09   0.99999E-03   0.28405E-09   0.35317E-15
   0.15797E+09   0.99999E-03   0.28405E-09   0.35317E-15
   0.15797E+09   0.99999E-03   0.28405E-09   0.35317E-15
   0.15797E+09   0.99999E-03   0.28405E-09   0.35317E-15
   0.15797E+09   0.99999E-03   0.28405E-09   0.35317E-15
   0.15797E+09   0.99999E-03   0.28405E-09   0.35317E-15
   0.15797E+09   0.99999E-03   0.28405E-09   0.35317E-15
   0.15797E+09   0.99999E-03   0.28405E-09   0.35317E-15
   0.15797E+09   0.99999E-03   0.28405E-09   0.35317E-15
   0.15797E+09   0.99999E-03   0.28405E-09   0.35317E-15
   0.15797E+09   0.99999E-03   0.28405E-09   0.35317E-15
   0.12451E+09   0.99999E-03   0.79265E-09   0.21066E-14
   0.12451E+09   0.99999E-03   0.79265E-09   0.21066E-14
   0.12451E+09   0.99999E-03   0.79265E-09   0.21066E-14
   0.12451E+09   0.99999E-03   0.79265E-09   0.21066E-14
   0.12451E+09   0.99999E-03   0.79265E-09   0.21066E-14
   0.12451E+09   0.99999E-03   0.79265E-09   0.21066E-14
   0.12451E+09   0.99999E-03   0.79265E-09   0.21066E-14
   0.12451E+09   0.99999E-03   0.79265E-09   0.21066E-14
   0.12451E+09   0.99999E-03   0.79265E-09   0.21066E-14
   0.12451E+09   0.99999E-03   0.79265E-09   0.21066E-14
   0.12451E+09   0.99999E-03   0.79265E-09   0.21066E-14
   0.12451E+09   0.99999E-03   0.79265E-09   0.21066E-14
   0.12451E+09   0.99999E-03   0.79265E-09   0.21066E-14
   0.12451E+09   0.99999E-03   0.79265E-09   0.21066E-14
   0.12451E+09   0.99999E-03   0.79265E-09   0.21066E-14
   0.12451E+09   0.99999E-03   0.79265E-09   0.21066E-14
   0.12451E+09   0.99999E-03   0.79265E-09   0.21066E-14
   0.12451E+09   0.99999E-03   0.79265E-09   0.21066E-14
   0.12451E+09   0.99999E-03   0.79265E-09   0.21066E-14
   0.12451E+09   0.99999E-03   0.79265E-09   0.21066E-14
   0.10082E+09   0.99999E-03   0.18724E-08   0.10344E-13
   0.10082E+09   0.99999E-03   0.18724E-08   0.10344E-13
   0.10082E+09   0.99999E-03   0.18724E-08   0.10344E-13
   0.10082E+09   0.99999E-03   0.18724E-08   0.10344E-13
   0.10082E+09   0.99999E-03   0.18724E-08   0.10344E-13
   0.10082E+09   0.99999E-03   0.18724E-08   0.10344E-13
   0.10082E+09   0.99999E-03   0.18724E-08   0.10344E-13
   0.10082E+09   0.99999E-03   0.18724E-08   0.10344E-13
   0.10082E+09   0.99999E-03   0.18724E-08   0.10344E-13
   0.10082E+09   0.99999E-03   0.18724E-08   0.10344E-13
   0.10082E+09   0.99999E-03   0.18724E-08   0.10344E-13
   0.10082E+09   0.99999E-03   0.18724E-08   0.10344E-13
   0.10082E+09   0.99999E-03   0.18724E-08   0.10344E-13
   0.10082E+09   0.99999E-03   0.18724E-08   0.10344E-13
   0.10082E+09   0.99999E-03   0.18724E-08   0.10344E-13
   0.10082E+09   0.99999E-03   0.18724E-08   0.10344E-13
   0.10082E+09   0.99999E-03   0.18724E-08   0.10344E-13
   0.10082E+09   0.99999E-03   0.18724E-08   0.10344E-13
   0.10082E+09   0.99999E-03   0.18724E-08   0.10344E-13
   0.10082E+09   0.99999E-03   0.18724E-08   0.10344E-13
   0.84890E+08   0.99999E-03   0.38565E-08   0.40327E-13
   0.84890E+08   0.99999E-03   0.38565E-08   0.40327E-13
   0.84890E+08   0.99999E-03   0.38565E-08   0.40327E-13
   0.84890E+08   0.99999E-03   0.38565E-08   0.40327E-13
   0.84890E+08   0.99999E-03   0.38565E-08   0.40327E-13
   0.84890E+08   0.99999E-03   0.38565E-08   0.40327E-13
   0.84890E+08   0.99999E-03   0.38565E-08   0.40327E-13
   0.84890E+08   0.99999E-03   0.38565E-08   0.40327E-13
   0.84890E+08   0.99999E-03   0.38565E-08   0.40327E-13
   0.84890E+08   0.99999E-03   0.38565E-08   0.40327E-13
   0.84890E+08   0.99999E-03   0.38565E-08   0.40327E-13
   0.84890E+08   0.99999E-03   0.38565E-08   0.40327E-13
   0.84890E+08   0.99999E-03   0.38565E-08   0.40327E-13
   0.84890E+08   0.99999E-03   0.38565E-08   0.40327E-13
   0.84890E+08   0.99999E-03   0.38565E-08   0.40327E-13
   0.84890E+08   0.99999E-03   0.38565E-08   0.40327E-13
   0.84890E+08   0.99999E-03   0.38565E-08   0.40327E-13
   0.84890E+08   0.99999E-03   0.38565E-08   0.40327E-13
   0.84890E+08   0.99999E-03   0.38565E-08   0.40327E-13
   0.84890E+08   0.99999E-03   0.38565E-08   0.40327E-13
   0.74034E+08   0.99999E-03   0.69953E-08   0.12204E-12
   0.74034E+08   0.99999E-03   0.69953E-08   0.12204E-12
   0.74034E+08   0.99999E-03   0.69953E-08   0.12204E-12
   0.74034E+08   0.99999E-03   0.69953E-08   0.12204E-12
   0.74034E+08   0.99999E-03   0.69953E-08   0.12204E-12
   0.74034E+08   0.99999E-03   0.69953E-08   0.12204E-12
   0.74034E+08   0.99999E-03   0.69953E-08   0.12204E-12
   0.74034E+08   0.99999E-03   0.69953E-08   0.12204E-12
   0.74034E+08   0.99999E-03   0.69953E-08   0.12204E-12
   0.74034E+08   0.99999E-03   0.69953E-08   0.12204E-12
   0.74034E+08   0.99999E-03   0.69953E-08   0.12204E-12
   0.74034E+08   0.99999E-03   0.69953E-08   0.12204E-12
   0.74034E+08   0.99999E-03   0.69953E-08   0.12204E-12
   0.74034E+08   0.99999E-03   0.69953E-08   0.12204E-12
   0.74034E+08   0.99999E-03   0.69953E-08   0.12204E-12
   0.74034E+08   0.99999E-03   0.69953E-08   0.12204E-12
   0.74034E+08   0.99999E-03   0.69953E-08   0.12204E-12
   0.74034E+08   0.99999E-03   0.69953E-08   0.12204E-12
   0.74034E+08   0.99999E-03   0.69953E-08   0.12204E-12
   0.74034E+08   0.99999E-03   0.69953E-08   0.12204E-12
   0.66361E+08   0.99999E-03   0.11277E-07   0.29145E-12
   0.66361E+08   0.99999E-03   0.11277E-07   0.29145E-12
   0.66361E+08   0.99999E-03   0.11277E-07   0.29145E-12
   0.66361E+08   0.99999E-03   0.11277E-07   0.29145E-12
   0.66361E+08   0.99999E-03   0.11277E-07   0.29145E-12
   0.66361E+08   0.99999E-03   0.11277E-07   0.29145E-12
   0.66361E+08   0.99999E-03   0.11277E-07   0.29145E-12
   0.66361E+08   0.99999E-03   0.11277E-07   0.29145E-12
   0.66361E+08   0.99999E-03   0.11277E-07   0.29145E-12
   0.66361E+08   0.99999E-03   0.11277E-07   0.29145E-12
   0.66361E+08   0.99999E-03   0.11277E-07   0.29145E-12
   0.66361E+08   0.99999E-03   0.11277E-07   0.29145E-12
   0.66361E+08   0.99999E-03   0.11277E-07   0.29145E-12
   0.66361E+08   0.99999E-03   0.11277E-07   0.29145E-12
   0.66361E+08   0.99999E-03   0.11277E-07   0.29145E-12
   0.66361E+08   0.99999E-03   0.11277E-07   0.29145E-12
   0.66361E+08   0.99999E-03   0.11277E-07   0.29145E-12
   0.66361E+08   0.99999E-03   0.11277E-07   0.29145E-12
   0.66361E+08   0.99999E-03   0.11277E-07   0.29145E-12
   0.66361E+08   0.99999E-03   0.11277E-07   0.29145E-12
   0.60706E+08   0.99999E-03   0.16432E-07   0.57237E-12
   0.60706E+08   0.99999E-03   0.16432E-07   0.57237E-12
   0.60706E+08   0.99999E-03   0.16432E-07   0.57237E-12
   0.60706E+08   0.99999E-03   0.16432E-07   0.57237E-12
   0.60706E+08   0.99999E-03   0.16432E-07   0.57237E-12
   0.60706E+08   0.99999E-03   0.16432E-07   0.57237E-12
   0.60706E+08   0.99999E-03   0.16432E-07   0.57237E-12
   0.60706E+08   0.99999E-03   0.16432E-07   0.57237E-12
   0.60706E+08   0.99999E-03   0.16432E-07   0.57237E-12
   0.60706E+08   0.99999E-03   0.16432E-07   0.57237E-12
   0.60706E+08   0.99999E-03   0.16432E-07   0.57237E-12
   0.60706E+08   0.99999E-03   0.16432E-07   0.57237E-12
   0.60706E+08   0.99999E-03   0.16432E-07   0.57237E-12
   0.60706E+08   0.99999E-03   0.16432E-07   0.57237E-12
   0.60706E+08   0.99999E-03   0.16432E-07   0.57237E-12
   0.60706E+08   0.99999E-03   0.16432E-07   0.57237E-12
   0.60706E+08   0.99999E-03   0.16432E-07   0.57237E-12
   0.60706E+08   0.99999E-03   0.16432E-07   0.57237E-12
   0.60706E+08   0.99999E-03   0.16432E-07   0.57237E-12
   0.60706E+08   0.99999E-03   0.16432E-07   0.57237E-12
   0.56367E+08   0.99999E-03   0.22092E-07   0.96689E-12
   0.56367E+08   0.99999E-03   0.22092E-07   0.96689E-12
   0.56367E+08   0.99999E-03   0.22092E-07   0.96689E-12
   0.56367E+08   0.99999E-03   0.22092E-07   0.96689E-12
   0.56367E+08   0.99999E-03   0.22092E-07   0.96689E-12
   0.56367E+08   0.99999E-03   0.22092E-07   0.96689E-12
   0.56367E+08   0.99999E-03   0.22092E-07   0.96689E-12
   0.56367E+08   0.99999E-03   0.22092E-07   0.96689E-12
   0.56367E+08   0.99999E-03   0.22092E-07   0.96689E-12
   0.56367E+08   0.99999E-03   0.22092E-07   0.96689E-12
   0.56367E+08   0.99999E-03   0.22092E-07   0.96689E-12
   0.56367E+08   0.99999E-03   0.22092E-07   0.96689E-12
   0.56367E+08   0.99999E-03   0.22092E-07   0.96689E-12
   0.56367E+08   0.99999E-03   0.22092E-07   0.96689E-12
   0.56367E+08   0.99999E-03   0.22092E-07   0.96689E-12
   0.56367E+08   0.99999E-03   0.22092E-07   0.96689E-12
   0.56367E+08   0.99999E-03   0.22092E-07   0.96689E-12
   0.56367E+08   0.99999E-03   0.22092E-07   0.96689E-12
   0.56367E+08   0.99999E-03   0.22092E-07   0.96689E-12
   0.56367E+08   0.99999E-03   0.22092E-07   0.96689E-12
   0.52913E+08   0.99999E-03   0.27925E-07   0.14595E-11
   0.52913E+08   0.99999E-03   0.27925E-07   0.14595E-11
   0.52913E+08   0.99999E-03   0.27925E-07   0.14595E-11
   0.52913E+08   0.99999E-03   0.27925E-07   0.14595E-11
   0.52913E+08   0.99999E-03   0.27925E-07   0.14595E-11
   0.52913E+08   0.99999E-03   0.27925E-07   0.14595E-11
   0.52913E+08   0.99999E-03   0.27925E-07   0.14595E-11
   0.52913E+08   0.99999E-03   0.27925E-07   0.14595E-11
   0.52913E+08   0.99999E-03   0.27925E-07   0.14595E-11
   0.52913E+08   0.99999E-03   0.27925E-07   0.14595E-11
   0.52913E+08   0.99999E-03   0.27925E-07   0.14595E-11
   0.52913E+08   0.99999E-03   0.27925E-07   0.14595E-11
   0.52913E+08   0.99999E-03   0.27925E-07   0.14595E-11
   0.52913E+08   0.99999E-03   0.27925E-07   0.14595E-11
   0.52913E+08   0.99999E-03   0.27925E-07   0.14595E-11
   0.52913E+08   0.99999E-03   0.27925E-07   0.14595E-11
   0.52913E+08   0.99999E-03   0.27925E-07   0.14595E-11
   0.52913E+08   0.99999E-03   0.27925E-07   0.14595E-11
   0.52913E+08   0.99999E-03   0.27925E-07   0.14595E-11
   0.52913E+08   0.99999E-03   0.27925E-07   0.14595E-11
   0.50076E+08   0.99999E-03   0.33696E-07   0.20267E-11
   0.50076E+08   0.99999E-03   0.33696E-07   0.20267E-11
   0.50076E+08   0.99999E-03   0.33696E-07   0.20267E-11
   0.50076E+08   0.99999E-03   0.33696E-07   0.20267E-11
   0.50076E+08   0.99999E-03   0.33696E-07   0.20267E-11
   0.50076E+08   0.99999E-03   0.33696E-07   0.20267E-11
   0.50076E+08   0.99999E-03   0.33696E-07   0.20267E-11
   0.50076E+08   0.99999E-03   0.33696E-07   0.20267E-11
   0.50076E+08   0.99999E-03   0.33696E-07   0.20267E-11
   0.50076E+08   0.99999E-03   0.33696E-07   0.20267E-11
   0.50076E+08   0.99999E-03   0.33696E-07   0.20267E-11
   0.50076E+08   0.99999E-03   0.33696E-07   0.20267E-11
   0.50076E+08   0.99999E-03   0.33696E-07   0.20267E-11
   0.50076E+08   0.99999E-03   0.33696E-07   0.20267E-11
   0.50076E+08   0.99999E-03   0.33696E-07   0.20267E-11
   0.50076E+08   0.99999E-03   0.33696E-07   0.20267E-11
   0.50076E+08   0.99999E-03   0.33696E-07   0.20267E-11
   0.50076E+08   0.99999E-03   0.33696E-07   0.20267E-11
   0.50076E+08   0.99999E-03   0.33696E-07   0.20267E-11
   0.50076E+08   0.99999E-03   0.33696E-07   0.20267E-11
   0.47682E+08   0.99999E-03   0.39260E-07   0.26447E-11
   0.47682E+08   0.99999E-03   0.39260E-07   0.26447E-11
   0.47682E+08   0.99999E-03   0.39260E-07   0.26447E-11
   0.47682E+08   0.99999E-03   0.39260E-07   0.26447E-11
   0.47682E+08   0.99999E-03   0.39260E-07   0.26447E-11
   0.47682E+08   0.99999E-03   0.39260E-07   0.26447E-11
   0.47682E+08   0.99999E-03   0.39260E-07   0.26447E-11
   0.47682E+08   0.99999E-03   0.39260E-07   0.26447E-11
   0.47682E+08   0.99999E-03   0.39260E-07   0.26447E-11
   0.47682E+08   0.99999E-03   0.39260E-07   0.26447E-11
   0.47682E+08   0.99999E-03   0.39260E-07   0.26447E-11
   0.47682E+08   0.99999E-03   0.39260E-07   0.26447E-11
   0.47682E+08   0.99999E-03   0.39260E-07   0.26447E-11
   0.47682E+08   0.99999E-03   0.39260E-07   0.26447E-11
   0.47682E+08   0.99999E-03   0.39260E-07   0.26447E-11
   0.47682E+08   0.99999E-03   0.39260E-07   0.26447E-11
   0.47682E+08   0.99999E-03   0.39260E-07   0.26447E-11
   0.47682E+08   0.99999E-03   0.39260E-07   0.26447E-11
   0.47682E+08   0.99999E-03   0.39260E-07   0.26447E-11
   0.47682E+08   0.99999E-03   0.39260E-07   0.26447E-11
   0.45618E+08   0.99999E-03   0.44539E-07   0.32930E-11
   0.45618E+08   0.99999E-03   0.44539E-07   0.32930E-11
   0.45618E+08   0.99999E-03   0.44539E-07   0.32930E-11
   0.45618E+08   0.99999E-03   0.44539E-07   0.32930E-11
   0.45618E+08   0.99999E-03   0.44539E-07   0.32930E-11
   0.45618E+08   0.99999E-03   0.44539E-07   0.32930E-11
   0.45618E+08   0.99999E-03   0.44539E-07   0.32930E-11
   0.45618E+08   0.99999E-03   0.44539E-07   0.32930E-11
   0.45618E+08   0.99999E-03   0.44539E-07   0.32930E-11
   0.45618E+08   0.99999E-03   0.44539E-07   0.32930E-11
   0.45618E+08   0.99999E-03   0.44539E-07   0.32930E-11
   0.45618E+08   0.99999E-03   0.44539E-07   0.32930E-11
   0.45618E+08   0.99999E-03   0.44539E-07   0.32930E-11
   0.45618E+08   0.99999E-03   0.44539E-07   0.32930E-11
   0.45618E+08   0.99999E-03   0.44539E-07   0.32930E-11
   0.45618E+08   0.99999E-03   0.44539E-07   0.32930E-11
   0.45618E+08   0.99999E-03   0.44539E-07   0.32930E-11
   0.45618E+08   0.99999E-03   0.44539E-07   0.32930E-11
   0.45618E+08   0.99999E-03   0.44539E-07   0.32930E-11
   0.45618E+08   0.99999E-03   0.44539E-07   0.32930E-11
   0.43804E+08   0.99999E-03   0.49505E-07   0.39559E-11
   0.43804E+08   0.99999E-03   0.49505E-07   0.39559E-11
   0.43804E+08   0.99999E-03   0.49505E-07   0.39559E-11
   0.43804E+08   0.99999E-03   0.49505E-07   0.39559E-11
   0.43804E+08   0.99999E-03   0.49505E-07   0.39559E-11
   0.43804E+08   0.99999E-03   0.49505E-07   0.39559E-11
   0.43804E+08   0.99999E-03   0.49505E-07   0.39559E-11
   0.43804E+08   0.99999E-03   0.49505E-07   0.39559E-11
   0.43804E+08   0.99999E-03   0.49505E-07   0.39559E-11
   0.43804E+08   0.99999E-03   0.49505E-07   0.39559E-11
   0.43804E+08   0.99999E-03   0.49505E-07   0.39559E-11
   0.43804E+08   0.99999E-03   0.49505E-07   0.39559E-11
   0.43804E+08   0.99999E-03   0.49505E-07   0.39559E-11
   0.43804E+08   0.99999E-03   0.49505E-07   0.39559E-11
   0.43804E+08   0.99999E-03   0.49505E-07   0.39559E-11
   0.43804E+08   0.99999E-03   0.49505E-07   0.39559E-11
   0.43804E+08   0.99999E-03   0.49505E-07   0.39559E-11
   0.43804E+08   0.99999E-03   0.49505E-07   0.39559E-11
   0.43804E+08   0.99999E-03   0.49505E-07   0.39559E-11
   0.43804E+08   0.99999E-03   0.49505E-07   0.39559E-11
   0.42187E+08   0.99999E-03   0.54152E-07   0.46217E-11
   0.42187E+08   0.99999E-03   0.54152E-07   0.46217E-11
   0.42187E+08   0.99999E-03   0.54152E-07   0.46217E-11
   0.42187E+08   0.99999E-03   0.54152E-07   0.46217E-11
   0.42187E+08   0.99999E-03   0.54152E-07   0.46217E-11
   0.42187E+08   0.99999E-03   0.54152E-07   0.46217E-11
   0.42187E+08   0.99999E-03   0.54152E-07   0.46217E-11
   0.42187E+08   0.99999E-03   0.54152E-07   0.46217E-11
   0.42187E+08   0.99999E-03   0.54152E-07   0.46217E-11
   0.42187E+08   0.99999E-03   0.54152E-07   0.46217E-11
   0.42187E+08   0.99999E-03   0.54152E-07   0.46217E-11
   0.42187E+08   0.99999E-03   0.54152E-07   0.46217E-11
   0.42187E+08   0.99999E-03   0.54152E-07   0.46217E-11
   0.42187E+08   0.99999E-03   0.54152E-07   0.46217E-11
   0.42187E+08   0.99999E-03   0.54152E-07   0.46217E-11
   0.42187E+08   0.99999E-03   0.54152E-07   0.46217E-11
   0.42187E+08   0.99999E-03   0.54152E-07   0.46217E-11
   0.42187E+08   0.99999E-03   0.54152E-07   0.46217E-11
   0.42187E+08   0.99999E-03   0.54152E-07   0.46217E-11
   0.42187E+08   0.99999E-03   0.54152E-07   0.46217E-11
   0.40727E+08   0.99999E-03   0.58493E-07   0.52823E-11
   0.40727E+08   0.99999E-03   0.58493E-07   0.52823E-11
   0.40727E+08   0.99999E-03   0.58493E-07   0.52823E-11
   0.40727E+08   0.99999E-03   0.58493E-07   0.52823E-11
   0.40727E+08   0.99999E-03   0.58493E-07   0.52823E-11
   0.40727E+08   0.99999E-03   0.58493E-07   0.52823E-11
   0.40727E+08   0.99999E-03   0.58493E-07   0.52823E-11
   0.40727E+08   0.99999E-03   0.58493E-07   0.52823E-11
   0.40727E+08   0.99999E-03   0.58493E-07   0.52823E-11
   0.40727E+08   0.99999E-03   0.58493E-07   0.52823E-11
   0.40727E+08   0.99999E-03   0.58493E-07   0.52823E-11
   0.40727E+08   0.99999E-03   0.58493E-07   0.52823E-11
   0.40727E+08   0.99999E-03   0.58493E-07   0.52823E-11
   0.40727E+08   0.99999E-03   0.58493E-07   0.52823E-11
   0.40727E+08   0.99999E-03   0.58493E-07   0.52823E-11
   0.40727E+08   0.99999E-03   0.58493E-07   0.52823E-11
   0.40727E+08   0.99999E-03   0.58493E-07   0.52823E-11
   0.40727E+08   0.99999E-03   0.58493E-07   0.52823E-11
   0.40727E+08   0.99999E-03   0.58493E-07   0.52823E-11
   0.40727E+08   0.99999E-03   0.58493E-07   0.52823E-11
   0.39396E+08   0.99999E-03   0.62545E-07   0.59324E-11
   0.39396E+08   0.99999E-03   0.62545E-07   0.59324E-11
   0.39396E+08   0.99999E-03   0.62545E-07   0.59324E-11
   0.39396E+08   0.99999E-03   0.62545E-07   0.59324E-11
   0.39396E+08   0.99999E-03   0.62545E-07   0.59324E-11
   0.39396E+08   0.99999E-03   0.62545E-07   0.59324E-11
   0.39396E+08   0.99999E-03   0.62545E-07   0.59324E-11
   0.39396E+08   0.99999E-03   0.62545E-07   0.59324E-11
   0.39396E+08   0.99999E-03   0.62545E-07   0.59324E-11
   0.39396E+08   0.99999E-03   0.62545E-07   0.59324E-11
   0.39396E+08   0.99999E-03   0.62545E-07   0.59324E-11
   0.39396E+08   0.99999E-03   0.62545E-07   0.59324E-11
   0.39396E+08   0.99999E-03   0.62545E-07   0.59324E-11
   0.39396E+08   0.99999E-03   0.62545E-07   0.59324E-11
   0.39396E+08   0.99999E-03   0.62545E-07   0.59324E-11
   0.39396E+08   0.99999E-03   0.62545E-07   0.59324E-11
   0.39396E+08   0.99999E-03   0.62545E-07   0.59324E-11
   0.39396E+08   0.99999E-03   0.62545E-07   0.59324E-11
   0.39396E+08   0.99999E-03   0.62545E-07   0.59324E-11
   0.39396E+08   0.99999E-03   0.62545E-07   0.59324E-11
   0.38172E+08   0.99999E-03   0.66332E-07   0.65684E-11
   0.38172E+08   0.99999E-03   0.66332E-07   0.65684E-11
   0.38172E+08   0.99999E-03   0.66332E-07   0.65684E-11
   0.38172E+08   0.99999E-03   0.66332E-07   0.65684E-11
   0.38172E+08   0.99999E-03   0.66332E-07   0.65684E-11
   0.38172E+08   0.99999E-03   0.66332E-07   0.65684E-11
   0.38172E+08   0.99999E-03   0.66332E-07   0.65684E-11
   0.38172E+08   0.99999E-03   0.66332E-07   0.65684E-11
   0.38172E+08   0.99999E-03   0.66332E-07   0.65684E-11
   0.38172E+08   0.99999E-03   0.66332E-07   0.65684E-11
   0.38172E+08   0.99999E-03   0.66332E-07   0.65684E-11
   0.38172E+08   0.99999E-03   0.66332E-07   0.65684E-11
   0.38172E+08   0.99999E-03   0.66332E-07   0.65684E-11
   0.38172E+08   0.99999E-03   0.66332E-07   0.65684E-11
   0.38172E+08   0.99999E-03   0.66332E-07   0.65684E-11
   0.38172E+08   0.99999E-03   0.66332E-07   0.65684E-11
   0.38172E+08   0.99999E-03   0.66332E-07   0.65684E-11
   0.38172E+08   0.99999E-03   0.66332E-07   0.65684E-11
   0.38172E+08   0.99999E-03   0.66332E-07   0.65684E-11
   0.38172E+08   0.99999E-03   0.66332E-07   0.65684E-11
   0.37038E+08   0.99999E-03   0.69876E-07   0.71882E-11
   0.37038E+08   0.99999E-03   0.69876E-07   0.71882E-11
   0.37038E+08   0.99999E-03   0.69876E-07   0.71882E-11
   0.37038E+08   0.99999E-03   0.69876E-07   0.71882E-11
   0.37038E+08   0.99999E-03   0.69876E-07   0.71882E-11
   0.37038E+08   0.99999E-03   0.69876E-07   0.71882E-11
   0.37038E+08   0.99999E-03   0.69876E-07   0.71882E-11
   0.37038E+08   0.99999E-03   0.69876E-07   0.71882E-11
   0.37038E+08   0.99999E-03   0.69876E-07   0.71882E-11
   0.37038E+08   0.99999E-03   0.69876E-07   0.71882E-11
   0.37038E+08   0.99999E-03   0.69876E-07   0.71882E-11
   0.37038E+08   0.99999E-03   0.69876E-07   0.71882E-11
   0.37038E+08   0.99999E-03   0.69876E-07   0.71882E-11
   0.37038E+08   0.99999E-03   0.69876E-07   0.71882E-11
   0.37038E+08   0.99999E-03   0.69876E-07   0.71882E-11
   0.37038E+08   0.99999E-03   0.69876E-07   0.71882E-11
   0.37038E+08   0.99999E-03   0.69876E-07   0.71882E-11
   0.37038E+08   0.99999E-03   0.69876E-07   0.71882E-11
   0.37038E+08   0.99999E-03   0.69876E-07   0.71882E-11
   0.37038E+08   0.99999E-03   0.69876E-07   0.71882E-11
   0.35981E+08   0.99999E-03   0.73197E-07   0.77907E-11
   0.35981E+08   0.99999E-03   0.73197E-07   0.77907E-11
   0.35981E+08   0.99999E-03   0.73197E-07   0.77907E-11
   0.35981E+08   0.99999E-03   0.73197E-07   0.77907E-11
   0.35981E+08   0.99999E-03   0.73197E-07   0.77907E-11
   0.35981E+08   0.99999E-03   0.73197E-07   0.77907E-11
   0.35981E+08   0.99999E-03   0.73197E-07   0.77907E-11
   0.35981E+08   0.99999E-03   0.73197E-07   0.77907E-11
   0.35981E+08   0.99999E-03   0.73197E-07   0.77907E-11
   0.35981E+08   0.99999E-03   0.73197E-07   0.77907E-11
   0.35981E+08   0.99999E-03   0.73197E-07   0.77907E-11
   0.35981E+08   0.99999E-03   0.73197E-07   0.77907E-11
   0.35981E+08   0.99999E-03   0.73197E-07   0.77907E-11
   0.35981E+08   0.99999E-03   0.73197E-07   0.77907E-11
   0.35981E+08   0.99999E-03   0.73197E-07   0.77907E-11
   0.35981E+08   0.99999E-03   0.73197E-07   0.77907E-11
   0.35981E+08   0.99999E-03   0.73197E-07   0.77907E-11
   0.35981E+08   0.99999E-03   0.73197E-07   0.77907E-11
   0.35981E+08   0.99999E-03   0.73197E-07   0.77907E-11
   0.35981E+08   0.99999E-03   0.73197E-07   0.77907E-11
   0.34992E+08   0.99999E-03   0.76316E-07   0.83752E-11
   0.34992E+08   0.99999E-03   0.76316E-07   0.83752E-11
   0.34992E+08   0.99999E-03   0.76316E-07   0.83752E-11
   0.34992E+08   0.99999E-03   0.76316E-07   0.83752E-11
   0.34992E+08   0.99999E-03   0.76316E-07   0.83752E-11
   0.34992E+08   0.99999E-03   0.76316E-07   0.83752E-11
   0.34992E+08   0.99999E-03   0.76316E-07   0.83752E-11
   0.34992E+08   0.99999E-03   0.76316E-07   0.83752E-11
   0.34992E+08   0.99999E-03   0.76316E-07   0.83752E-11
   0.34992E+08   0.99999E-03   0.76316E-07   0.83752E-11
   0.34992E+08   0.99999E-03   0.76316E-07   0.83752E-11
   0.34992E+08   0.99999E-03   0.76316E-07   0.83752E-11
   0.34992E+08   0.99999E-03   0.76316E-07   0.83752E-11
   0.34992E+08   0.99999E-03   0.76316E-07   0.83752E-11
   0.34992E+08   0.99999E-03   0.76316E-07   0.83752E-11
   0.34992E+08   0.99999E-03   0.76316E-07   0.83752E-11
   0.34992E+08   0.99999E-03   0.76316E-07   0.83752E-11
   0.34992E+08   0.99999E-03   0.76316E-07   0.83752E-11
   0.34992E+08   0.99999E-03   0.76316E-07   0.83752E-11
   0.34992E+08   0.99999E-03   0.76316E-07   0.83752E-11
   0.34061E+08   0.99999E-03   0.79251E-07   0.89418E-11
   0.34061E+08   0.99999E-03   0.79251E-07   0.89418E-11
   0.34061E+08   0.99999E-03   0.79251E-07   0.89418E-11
   0.34061E+08   0.99999E-03   0.79251E-07   0.89418E-11
   0.34061E+08   0.99999E-03   0.79251E-07   0.89418E-11
   0.34061E+08   0.99999E-03   0.79251E-07   0.89418E-11
   0.34061E+08   0.99999E-03   0.79251E-07   0.89418E-11
   0.34061E+08   0.99999E-03   0.79251E-07   0.89418E-11
   0.34061E+08   0.99999E-03   0.79251E-07   0.89418E-11
   0.34061E+08   0.99999E-03   0.79251E-07   0.89418E-11
   0.34061E+08   0.99999E-03   0.79251E-07   0.89418E-11
   0.34061E+08   0.99999E-03   0.79251E-07   0.89418E-11
   0.34061E+08   0.99999E-03   0.79251E-07   0.89418E-11
   0.34061E+08   0.99999E-03   0.79251E-07   0.89418E-11
   0.34061E+08   0.99999E-03   0.79251E-07   0.89418E-11
   0.34061E+08   0.99999E-03   0.79251E-07   0.89418E-11
   0.34061E+08   0.99999E-03   0.79251E-07   0.89418E-11
   0.34061E+08   0.99999E-03   0.79251E-07   0.89418E-11
   0.34061E+08   0.99999E-03   0.79251E-07   0.89418E-11
   0.34061E+08   0.99999E-03   0.79251E-07   0.89418E-11
   0.33182E+08   0.99999E-03   0.82019E-07   0.94907E-11
   0.33182E+08   0.99999E-03   0.82019E-07   0.94907E-11
   0.33182E+08   0.99999E-03   0.82019E-07   0.94907E-11
   0.33182E+08   0.99999E-03   0.82019E-07   0.94907E-11
   0.33182E+08   0.99999E-03   0.82019E-07   0.94907E-11
   0.33182E+08   0.99999E-03   0.82019E-07   0.94907E-11
   0.33182E+08   0.99999E-03   0.82019E-07   0.94907E-11
   0.33182E+08   0.99999E-03   0.82019E-07   0.94907E-11
   0.33182E+08   0.99999E-03   0.82019E-07   0.94907E-11
   0.33182E+08   0.99999E-03   0.82019E-07   0.94907E-11
   0.33182E+08   0.99999E-03   0.82019E-07   0.94907E-11
   0.33182E+08   0.99999E-03   0.82019E-07   0.94907E-11
   0.33182E+08   0.99999E-03   0.82019E-07   0.94907E-11
   0.33182E+08   0.99999E-03   0.82019E-07   0.94907E-11
   0.33182E+08   0.99999E-03   0.82019E-07   0.94907E-11
   0.33182E+08   0.99999E-03   0.82019E-07   0.94907E-11
   0.33182E+08   0.99999E-03   0.82019E-07   0.94907E-11
   0.33182E+08   0.99999E-03   0.82019E-07   0.94907E-11
   0.33182E+08   0.99999E-03   0.82019E-07   0.94907E-11
   0.33182E+08   0.99999E-03   0.82019E-07   0.94907E-11
   0.32349E+08   0.99999E-03   0.84635E-07   0.10022E-10
   0.32349E+08   0.99999E-03   0.84635E-07   0.10022E-10
   0.32349E+08   0.99999E-03   0.84635E-07   0.10022E-10
   0.32349E+08   0.99999E-03   0.84635E-07   0.10022E-10
   0.32349E+08   0.99999E-03   0.84635E-07   0.10022E-10
   0.32349E+08   0.99999E-03   0.84635E-07   0.10022E-10
   0.32349E+08   0.99999E-03   0.84635E-07   0.10022E-10
   0.32349E+08   0.99999E-03   0.84635E-07   0.10022E-10
   0.32349E+08   0.99999E-03   0.84635E-07   0.10022E-10
   0.32349E+08   0.99999E-03   0.84635E-07   0.10022E-10
   0.32349E+08   0.99999E-03   0.84635E-07   0.10022E-10
   0.32349E+08   0.99999E-03   0.84635E-07   0.10022E-10
   0.32349E+08   0.99999E-03   0.84635E-07   0.10022E-10
   0.32349E+08   0.99999E-03   0.84635E-07   0.10022E-10
   0.32349E+08   0.99999E-03   0.84635E-07   0.10022E-10
   0.32349E+08   0.99999E-03   0.84635E-07   0.10022E-10
   0.32349E+08   0.99999E-03   0.84635E-07   0.10022E-10
   0.32349E+08   0.99999E-03   0.84635E-07   0.10022E-10
   0.32349E+08   0.99999E-03   0.84635E-07   0.10022E-10
   0.32349E+08   0.99999E-03   0.84635E-07   0.10022E-10
