   0.29539E+09   0.99999E-03   0.67375E-14   0.68080E-25
   0.29539E+09   0.99999E-03   0.67375E-14   0.68080E-25
   0.29539E+09   0.99999E-03   0.67375E-14   0.68080E-25
   0.29539E+09   0.99999E-03   0.67375E-14   0.68080E-25
   0.29539E+09   0.99999E-03   0.67375E-14   0.68080E-25
   0.29539E+09   0.99999E-03   0.67375E-14   0.68080E-25
   0.29539E+09   0.99999E-03   0.67375E-14   0.68080E-25
   0.29539E+09   0.99999E-03   0.67375E-14   0.68080E-25
   0.29539E+09   0.99999E-03   0.67375E-14   0.68080E-25
   0.29539E+09   0.99999E-03   0.67375E-14   0.68080E-25
   0.29539E+09   0.99999E-03   0.67375E-14   0.68080E-25
   0.29539E+09   0.99999E-03   0.67375E-14   0.68080E-25
   0.29539E+09   0.99999E-03   0.67375E-14   0.68080E-25
   0.29539E+09   0.99999E-03   0.67375E-14   0.68080E-25
   0.29539E+09   0.99999E-03   0.67375E-14   0.68080E-25
   0.29539E+09   0.99999E-03   0.67375E-14   0.68080E-25
   0.29539E+09   0.99999E-03   0.67375E-14   0.68080E-25
   0.29539E+09   0.99999E-03   0.67375E-14   0.68080E-25
   0.29539E+09   0.99999E-03   0.67375E-14   0.68080E-25
   0.29539E+09   0.99999E-03   0.67375E-14   0.68080E-25
   0.29283E+09   0.99999E-03   0.69285E-14   0.74315E-25
   0.29283E+09   0.99999E-03   0.69285E-14   0.74315E-25
   0.29283E+09   0.99999E-03   0.69285E-14   0.74315E-25
   0.29283E+09   0.99999E-03   0.69285E-14   0.74315E-25
   0.29283E+09   0.99999E-03   0.69285E-14   0.74315E-25
   0.29283E+09   0.99999E-03   0.69285E-14   0.74315E-25
   0.29283E+09   0.99999E-03   0.69285E-14   0.74315E-25
   0.29283E+09   0.99999E-03   0.69285E-14   0.74315E-25
   0.29283E+09   0.99999E-03   0.69285E-14   0.74315E-25
   0.29283E+09   0.99999E-03   0.69285E-14   0.74315E-25
   0.29283E+09   0.99999E-03   0.69285E-14   0.74315E-25
   0.29283E+09   0.99999E-03   0.69285E-14   0.74315E-25
   0.29283E+09   0.99999E-03   0.69285E-14   0.74315E-25
   0.29283E+09   0.99999E-03   0.69285E-14   0.74315E-25
   0.29283E+09   0.99999E-03   0.69285E-14   0.74315E-25
   0.29283E+09   0.99999E-03   0.69285E-14   0.74315E-25
   0.29283E+09   0.99999E-03   0.69285E-14   0.74315E-25
   0.29283E+09   0.99999E-03   0.69285E-14   0.74315E-25
   0.29283E+09   0.99999E-03   0.69285E-14   0.74315E-25
   0.29283E+09   0.99999E-03   0.69285E-14   0.74315E-25
   0.29018E+09   0.99999E-03   0.71463E-14   0.82273E-25
   0.29018E+09   0.99999E-03   0.71463E-14   0.82273E-25
   0.29018E+09   0.99999E-03   0.71463E-14   0.82273E-25
   0.29018E+09   0.99999E-03   0.71463E-14   0.82273E-25
   0.29018E+09   0.99999E-03   0.71463E-14   0.82273E-25
   0.29018E+09   0.99999E-03   0.71463E-14   0.82273E-25
   0.29018E+09   0.99999E-03   0.71463E-14   0.82273E-25
   0.29018E+09   0.99999E-03   0.71463E-14   0.82273E-25
   0.29018E+09   0.99999E-03   0.71463E-14   0.82273E-25
   0.29018E+09   0.99999E-03   0.71463E-14   0.82273E-25
   0.29018E+09   0.99999E-03   0.71463E-14   0.82273E-25
   0.29018E+09   0.99999E-03   0.71463E-14   0.82273E-25
   0.29018E+09   0.99999E-03   0.71463E-14   0.82273E-25
   0.29018E+09   0.99999E-03   0.71463E-14   0.82273E-25
   0.29018E+09   0.99999E-03   0.71463E-14   0.82273E-25
   0.29018E+09   0.99999E-03   0.71463E-14   0.82273E-25
   0.29018E+09   0.99999E-03   0.71463E-14   0.82273E-25
   0.29018E+09   0.99999E-03   0.71463E-14   0.82273E-25
   0.29018E+09   0.99999E-03   0.71463E-14   0.82273E-25
   0.29018E+09   0.99999E-03   0.71463E-14   0.82273E-25
   0.28744E+09   0.99999E-03   0.73999E-14   0.92973E-25
   0.28744E+09   0.99999E-03   0.73999E-14   0.92973E-25
   0.28744E+09   0.99999E-03   0.73999E-14   0.92973E-25
   0.28744E+09   0.99999E-03   0.73999E-14   0.92973E-25
   0.28744E+09   0.99999E-03   0.73999E-14   0.92973E-25
   0.28744E+09   0.99999E-03   0.73999E-14   0.92973E-25
   0.28744E+09   0.99999E-03   0.73999E-14   0.92973E-25
   0.28744E+09   0.99999E-03   0.73999E-14   0.92973E-25
   0.28744E+09   0.99999E-03   0.73999E-14   0.92973E-25
   0.28744E+09   0.99999E-03   0.73999E-14   0.92973E-25
   0.28744E+09   0.99999E-03   0.73999E-14   0.92973E-25
   0.28744E+09   0.99999E-03   0.73999E-14   0.92973E-25
   0.28744E+09   0.99999E-03   0.73999E-14   0.92973E-25
   0.28744E+09   0.99999E-03   0.73999E-14   0.92973E-25
   0.28744E+09   0.99999E-03   0.73999E-14   0.92973E-25
   0.28744E+09   0.99999E-03   0.73999E-14   0.92973E-25
   0.28744E+09   0.99999E-03   0.73999E-14   0.92973E-25
   0.28744E+09   0.99999E-03   0.73999E-14   0.92973E-25
   0.28744E+09   0.99999E-03   0.73999E-14   0.92973E-25
   0.28744E+09   0.99999E-03   0.73999E-14   0.92973E-25
   0.28458E+09   0.99999E-03   0.77045E-14   0.10883E-24
   0.28458E+09   0.99999E-03   0.77045E-14   0.10883E-24
   0.28458E+09   0.99999E-03   0.77045E-14   0.10883E-24
   0.28458E+09   0.99999E-03   0.77045E-14   0.10883E-24
   0.28458E+09   0.99999E-03   0.77045E-14   0.10883E-24
   0.28458E+09   0.99999E-03   0.77045E-14   0.10883E-24
   0.28458E+09   0.99999E-03   0.77045E-14   0.10883E-24
   0.28458E+09   0.99999E-03   0.77045E-14   0.10883E-24
   0.28458E+09   0.99999E-03   0.77045E-14   0.10883E-24
   0.28458E+09   0.99999E-03   0.77045E-14   0.10883E-24
   0.28458E+09   0.99999E-03   0.77045E-14   0.10883E-24
   0.28458E+09   0.99999E-03   0.77045E-14   0.10883E-24
   0.28458E+09   0.99999E-03   0.77045E-14   0.10883E-24
   0.28458E+09   0.99999E-03   0.77045E-14   0.10883E-24
   0.28458E+09   0.99999E-03   0.77045E-14   0.10883E-24
   0.28458E+09   0.99999E-03   0.77045E-14   0.10883E-24
   0.28458E+09   0.99999E-03   0.77045E-14   0.10883E-24
   0.28458E+09   0.99999E-03   0.77045E-14   0.10883E-24
   0.28458E+09   0.99999E-03   0.77045E-14   0.10883E-24
   0.28458E+09   0.99999E-03   0.77045E-14   0.10883E-24
   0.28158E+09   0.99999E-03   0.80936E-14   0.14399E-24
   0.28158E+09   0.99999E-03   0.80936E-14   0.14399E-24
   0.28158E+09   0.99999E-03   0.80936E-14   0.14399E-24
   0.28158E+09   0.99999E-03   0.80936E-14   0.14399E-24
   0.28158E+09   0.99999E-03   0.80936E-14   0.14399E-24
   0.28158E+09   0.99999E-03   0.80936E-14   0.14399E-24
   0.28158E+09   0.99999E-03   0.80936E-14   0.14399E-24
   0.28158E+09   0.99999E-03   0.80936E-14   0.14399E-24
   0.28158E+09   0.99999E-03   0.80936E-14   0.14399E-24
   0.28158E+09   0.99999E-03   0.80936E-14   0.14399E-24
   0.28158E+09   0.99999E-03   0.80936E-14   0.14399E-24
   0.28158E+09   0.99999E-03   0.80936E-14   0.14399E-24
   0.28158E+09   0.99999E-03   0.80936E-14   0.14399E-24
   0.28158E+09   0.99999E-03   0.80936E-14   0.14399E-24
   0.28158E+09   0.99999E-03   0.80936E-14   0.14399E-24
   0.28158E+09   0.99999E-03   0.80936E-14   0.14399E-24
   0.28158E+09   0.99999E-03   0.80936E-14   0.14399E-24
   0.28158E+09   0.99999E-03   0.80936E-14   0.14399E-24
   0.28158E+09   0.99999E-03   0.80936E-14   0.14399E-24
   0.28158E+09   0.99999E-03   0.80936E-14   0.14399E-24
   0.27840E+09   0.99999E-03   0.87178E-14   0.57057E-24
   0.27840E+09   0.99999E-03   0.87178E-14   0.57057E-24
   0.27840E+09   0.99999E-03   0.87178E-14   0.57057E-24
   0.27840E+09   0.99999E-03   0.87178E-14   0.57057E-24
   0.27840E+09   0.99999E-03   0.87178E-14   0.57057E-24
   0.27840E+09   0.99999E-03   0.87178E-14   0.57057E-24
   0.27840E+09   0.99999E-03   0.87178E-14   0.57057E-24
   0.27840E+09   0.99999E-03   0.87178E-14   0.57057E-24
   0.27840E+09   0.99999E-03   0.87178E-14   0.57057E-24
   0.27840E+09   0.99999E-03   0.87178E-14   0.57057E-24
   0.27840E+09   0.99999E-03   0.87178E-14   0.57057E-24
   0.27840E+09   0.99999E-03   0.87178E-14   0.57057E-24
   0.27840E+09   0.99999E-03   0.87178E-14   0.57057E-24
   0.27840E+09   0.99999E-03   0.87178E-14   0.57057E-24
   0.27840E+09   0.99999E-03   0.87178E-14   0.57057E-24
   0.27840E+09   0.99999E-03   0.87178E-14   0.57057E-24
   0.27840E+09   0.99999E-03   0.87178E-14   0.57057E-24
   0.27840E+09   0.99999E-03   0.87178E-14   0.57057E-24
   0.27840E+09   0.99999E-03   0.87178E-14   0.57057E-24
   0.27840E+09   0.99999E-03   0.87178E-14   0.57057E-24
   0.27491E+09   0.99999E-03   0.11007E-13   0.17950E-22
   0.27491E+09   0.99999E-03   0.11007E-13   0.17950E-22
   0.27491E+09   0.99999E-03   0.11007E-13   0.17950E-22
   0.27491E+09   0.99999E-03   0.11007E-13   0.17950E-22
   0.27491E+09   0.99999E-03   0.11007E-13   0.17950E-22
   0.27491E+09   0.99999E-03   0.11007E-13   0.17950E-22
   0.27491E+09   0.99999E-03   0.11007E-13   0.17950E-22
   0.27491E+09   0.99999E-03   0.11007E-13   0.17950E-22
   0.27491E+09   0.99999E-03   0.11007E-13   0.17950E-22
   0.27491E+09   0.99999E-03   0.11007E-13   0.17950E-22
   0.27491E+09   0.99999E-03   0.11007E-13   0.17950E-22
   0.27491E+09   0.99999E-03   0.11007E-13   0.17950E-22
   0.27491E+09   0.99999E-03   0.11007E-13   0.17950E-22
   0.27491E+09   0.99999E-03   0.11007E-13   0.17950E-22
   0.27491E+09   0.99999E-03   0.11007E-13   0.17950E-22
   0.27491E+09   0.99999E-03   0.11007E-13   0.17950E-22
   0.27491E+09   0.99999E-03   0.11007E-13   0.17950E-22
   0.27491E+09   0.99999E-03   0.11007E-13   0.17950E-22
   0.27491E+09   0.99999E-03   0.11007E-13   0.17950E-22
   0.27491E+09   0.99999E-03   0.11007E-13   0.17950E-22
   0.27072E+09   0.99999E-03   0.32983E-13   0.85170E-21
   0.27072E+09   0.99999E-03   0.32983E-13   0.85170E-21
   0.27072E+09   0.99999E-03   0.32983E-13   0.85170E-21
   0.27072E+09   0.99999E-03   0.32983E-13   0.85170E-21
   0.27072E+09   0.99999E-03   0.32983E-13   0.85170E-21
   0.27072E+09   0.99999E-03   0.32983E-13   0.85170E-21
   0.27072E+09   0.99999E-03   0.32983E-13   0.85170E-21
   0.27072E+09   0.99999E-03   0.32983E-13   0.85170E-21
   0.27072E+09   0.99999E-03   0.32983E-13   0.85170E-21
   0.27072E+09   0.99999E-03   0.32983E-13   0.85170E-21
   0.27072E+09   0.99999E-03   0.32983E-13   0.85170E-21
   0.27072E+09   0.99999E-03   0.32983E-13   0.85170E-21
   0.27072E+09   0.99999E-03   0.32983E-13   0.85170E-21
   0.27072E+09   0.99999E-03   0.32983E-13   0.85170E-21
   0.27072E+09   0.99999E-03   0.32983E-13   0.85170E-21
   0.27072E+09   0.99999E-03   0.32983E-13   0.85170E-21
   0.27072E+09   0.99999E-03   0.32983E-13   0.85170E-21
   0.27072E+09   0.99999E-03   0.32983E-13   0.85170E-21
   0.27072E+09   0.99999E-03   0.32983E-13   0.85170E-21
   0.27072E+09   0.99999E-03   0.32983E-13   0.85170E-21
   0.26442E+09   0.99999E-03   0.31317E-12   0.39637E-19
   0.26442E+09   0.99999E-03   0.31317E-12   0.39637E-19
   0.26442E+09   0.99999E-03   0.31317E-12   0.39637E-19
   0.26442E+09   0.99999E-03   0.31317E-12   0.39637E-19
   0.26442E+09   0.99999E-03   0.31317E-12   0.39637E-19
   0.26442E+09   0.99999E-03   0.31317E-12   0.39637E-19
   0.26442E+09   0.99999E-03   0.31317E-12   0.39637E-19
   0.26442E+09   0.99999E-03   0.31317E-12   0.39637E-19
   0.26442E+09   0.99999E-03   0.31317E-12   0.39637E-19
   0.26442E+09   0.99999E-03   0.31317E-12   0.39637E-19
   0.26442E+09   0.99999E-03   0.31317E-12   0.39637E-19
   0.26442E+09   0.99999E-03   0.31317E-12   0.39637E-19
   0.26442E+09   0.99999E-03   0.31317E-12   0.39637E-19
   0.26442E+09   0.99999E-03   0.31317E-12   0.39637E-19
   0.26442E+09   0.99999E-03   0.31317E-12   0.39637E-19
   0.26442E+09   0.99999E-03   0.31317E-12   0.39637E-19
   0.26442E+09   0.99999E-03   0.31317E-12   0.39637E-19
   0.26442E+09   0.99999E-03   0.31317E-12   0.39637E-19
   0.26442E+09   0.99999E-03   0.31317E-12   0.39637E-19
   0.26442E+09   0.99999E-03   0.31317E-12   0.39637E-19
   0.25116E+09   0.99999E-03   0.38576E-11   0.16048E-17
   0.25116E+09   0.99999E-03   0.38576E-11   0.16048E-17
   0.25116E+09   0.99999E-03   0.38576E-11   0.16048E-17
   0.25116E+09   0.99999E-03   0.38576E-11   0.16048E-17
   0.25116E+09   0.99999E-03   0.38576E-11   0.16048E-17
   0.25116E+09   0.99999E-03   0.38576E-11   0.16048E-17
   0.25116E+09   0.99999E-03   0.38576E-11   0.16048E-17
   0.25116E+09   0.99999E-03   0.38576E-11   0.16048E-17
   0.25116E+09   0.99999E-03   0.38576E-11   0.16048E-17
   0.25116E+09   0.99999E-03   0.38576E-11   0.16048E-17
   0.25116E+09   0.99999E-03   0.38576E-11   0.16048E-17
   0.25116E+09   0.99999E-03   0.38576E-11   0.16048E-17
   0.25116E+09   0.99999E-03   0.38576E-11   0.16048E-17
   0.25116E+09   0.99999E-03   0.38576E-11   0.16048E-17
   0.25116E+09   0.99999E-03   0.38576E-11   0.16048E-17
   0.25116E+09   0.99999E-03   0.38576E-11   0.16048E-17
   0.25116E+09   0.99999E-03   0.38576E-11   0.16048E-17
   0.25116E+09   0.99999E-03   0.38576E-11   0.16048E-17
   0.25116E+09   0.99999E-03   0.38576E-11   0.16048E-17
   0.25116E+09   0.99999E-03   0.38576E-11   0.16048E-17
   0.21806E+09   0.99999E-03   0.42729E-10   0.49984E-16
   0.21806E+09   0.99999E-03   0.42729E-10   0.49984E-16
   0.21806E+09   0.99999E-03   0.42729E-10   0.49984E-16
   0.21806E+09   0.99999E-03   0.42729E-10   0.49984E-16
   0.21806E+09   0.99999E-03   0.42729E-10   0.49984E-16
   0.21806E+09   0.99999E-03   0.42729E-10   0.49984E-16
   0.21806E+09   0.99999E-03   0.42729E-10   0.49984E-16
   0.21806E+09   0.99999E-03   0.42729E-10   0.49984E-16
   0.21806E+09   0.99999E-03   0.42729E-10   0.49984E-16
   0.21806E+09   0.99999E-03   0.42729E-10   0.49984E-16
   0.21806E+09   0.99999E-03   0.42729E-10   0.49984E-16
   0.21806E+09   0.99999E-03   0.42729E-10   0.49984E-16
   0.21806E+09   0.99999E-03   0.42729E-10   0.49984E-16
   0.21806E+09   0.99999E-03   0.42729E-10   0.49984E-16
   0.21806E+09   0.99999E-03   0.42729E-10   0.49984E-16
   0.21806E+09   0.99999E-03   0.42729E-10   0.49984E-16
   0.21806E+09   0.99999E-03   0.42729E-10   0.49984E-16
   0.21806E+09   0.99999E-03   0.42729E-10   0.49984E-16
   0.21806E+09   0.99999E-03   0.42729E-10   0.49984E-16
   0.21806E+09   0.99999E-03   0.42729E-10   0.49984E-16
   0.15169E+09   0.99999E-03   0.34972E-09   0.10474E-14
   0.15169E+09   0.99999E-03   0.34972E-09   0.10474E-14
   0.15169E+09   0.99999E-03   0.34972E-09   0.10474E-14
   0.15169E+09   0.99999E-03   0.34972E-09   0.10474E-14
   0.15169E+09   0.99999E-03   0.34972E-09   0.10474E-14
   0.15169E+09   0.99999E-03   0.34972E-09   0.10474E-14
   0.15169E+09   0.99999E-03   0.34972E-09   0.10474E-14
   0.15169E+09   0.99999E-03   0.34972E-09   0.10474E-14
   0.15169E+09   0.99999E-03   0.34972E-09   0.10474E-14
   0.15169E+09   0.99999E-03   0.34972E-09   0.10474E-14
   0.15169E+09   0.99999E-03   0.34972E-09   0.10474E-14
   0.15169E+09   0.99999E-03   0.34972E-09   0.10474E-14
   0.15169E+09   0.99999E-03   0.34972E-09   0.10474E-14
   0.15169E+09   0.99999E-03   0.34972E-09   0.10474E-14
   0.15169E+09   0.99999E-03   0.34972E-09   0.10474E-14
   0.15169E+09   0.99999E-03   0.34972E-09   0.10474E-14
   0.15169E+09   0.99999E-03   0.34972E-09   0.10474E-14
   0.15169E+09   0.99999E-03   0.34972E-09   0.10474E-14
   0.15169E+09   0.99999E-03   0.34972E-09   0.10474E-14
   0.15169E+09   0.99999E-03   0.34972E-09   0.10474E-14
   0.77504E+08   0.99999E-03   0.17386E-08   0.12232E-13
   0.77504E+08   0.99999E-03   0.17386E-08   0.12232E-13
   0.77504E+08   0.99999E-03   0.17386E-08   0.12232E-13
   0.77504E+08   0.99999E-03   0.17386E-08   0.12232E-13
   0.77504E+08   0.99999E-03   0.17386E-08   0.12232E-13
   0.77504E+08   0.99999E-03   0.17386E-08   0.12232E-13
   0.77504E+08   0.99999E-03   0.17386E-08   0.12232E-13
   0.77504E+08   0.99999E-03   0.17386E-08   0.12232E-13
   0.77504E+08   0.99999E-03   0.17386E-08   0.12232E-13
   0.77504E+08   0.99999E-03   0.17386E-08   0.12232E-13
   0.77504E+08   0.99999E-03   0.17386E-08   0.12232E-13
   0.77504E+08   0.99999E-03   0.17386E-08   0.12232E-13
   0.77504E+08   0.99999E-03   0.17386E-08   0.12232E-13
   0.77504E+08   0.99999E-03   0.17386E-08   0.12232E-13
   0.77504E+08   0.99999E-03   0.17386E-08   0.12232E-13
   0.77504E+08   0.99999E-03   0.17386E-08   0.12232E-13
   0.77504E+08   0.99999E-03   0.17386E-08   0.12232E-13
   0.77504E+08   0.99999E-03   0.17386E-08   0.12232E-13
   0.77504E+08   0.99999E-03   0.17386E-08   0.12232E-13
   0.77504E+08   0.99999E-03   0.17386E-08   0.12232E-13
   0.32733E+08   0.99999E-03   0.51751E-08   0.73426E-13
   0.32733E+08   0.99999E-03   0.51751E-08   0.73426E-13
   0.32733E+08   0.99999E-03   0.51751E-08   0.73426E-13
   0.32733E+08   0.99999E-03   0.51751E-08   0.73426E-13
   0.32733E+08   0.99999E-03   0.51751E-08   0.73426E-13
   0.32733E+08   0.99999E-03   0.51751E-08   0.73426E-13
   0.32733E+08   0.99999E-03   0.51751E-08   0.73426E-13
   0.32733E+08   0.99999E-03   0.51751E-08   0.73426E-13
   0.32733E+08   0.99999E-03   0.51751E-08   0.73426E-13
   0.32733E+08   0.99999E-03   0.51751E-08   0.73426E-13
   0.32733E+08   0.99999E-03   0.51751E-08   0.73426E-13
   0.32733E+08   0.99999E-03   0.51751E-08   0.73426E-13
   0.32733E+08   0.99999E-03   0.51751E-08   0.73426E-13
   0.32733E+08   0.99999E-03   0.51751E-08   0.73426E-13
   0.32733E+08   0.99999E-03   0.51751E-08   0.73426E-13
   0.32733E+08   0.99999E-03   0.51751E-08   0.73426E-13
   0.32733E+08   0.99999E-03   0.51751E-08   0.73426E-13
   0.32733E+08   0.99999E-03   0.51751E-08   0.73426E-13
   0.32733E+08   0.99999E-03   0.51751E-08   0.73426E-13
   0.32733E+08   0.99999E-03   0.51751E-08   0.73426E-13
   0.13414E+08   0.99999E-03   0.10679E-07   0.25405E-12
   0.13414E+08   0.99999E-03   0.10679E-07   0.25405E-12
   0.13414E+08   0.99999E-03   0.10679E-07   0.25405E-12
   0.13414E+08   0.99999E-03   0.10679E-07   0.25405E-12
   0.13414E+08   0.99999E-03   0.10679E-07   0.25405E-12
   0.13414E+08   0.99999E-03   0.10679E-07   0.25405E-12
   0.13414E+08   0.99999E-03   0.10679E-07   0.25405E-12
   0.13414E+08   0.99999E-03   0.10679E-07   0.25405E-12
   0.13414E+08   0.99999E-03   0.10679E-07   0.25405E-12
   0.13414E+08   0.99999E-03   0.10679E-07   0.25405E-12
   0.13414E+08   0.99999E-03   0.10679E-07   0.25405E-12
   0.13414E+08   0.99999E-03   0.10679E-07   0.25405E-12
   0.13414E+08   0.99999E-03   0.10679E-07   0.25405E-12
   0.13414E+08   0.99999E-03   0.10679E-07   0.25405E-12
   0.13414E+08   0.99999E-03   0.10679E-07   0.25405E-12
   0.13414E+08   0.99999E-03   0.10679E-07   0.25405E-12
   0.13414E+08   0.99999E-03   0.10679E-07   0.25405E-12
   0.13414E+08   0.99999E-03   0.10679E-07   0.25405E-12
   0.13414E+08   0.99999E-03   0.10679E-07   0.25405E-12
   0.13414E+08   0.99999E-03   0.10679E-07   0.25405E-12
   0.57182E+07   0.99999E-03   0.17488E-07   0.59998E-12
   0.57182E+07   0.99999E-03   0.17488E-07   0.59998E-12
   0.57182E+07   0.99999E-03   0.17488E-07   0.59998E-12
   0.57182E+07   0.99999E-03   0.17488E-07   0.59998E-12
   0.57182E+07   0.99999E-03   0.17488E-07   0.59998E-12
   0.57182E+07   0.99999E-03   0.17488E-07   0.59998E-12
   0.57182E+07   0.99999E-03   0.17488E-07   0.59998E-12
   0.57182E+07   0.99999E-03   0.17488E-07   0.59998E-12
   0.57182E+07   0.99999E-03   0.17488E-07   0.59998E-12
   0.57182E+07   0.99999E-03   0.17488E-07   0.59998E-12
   0.57182E+07   0.99999E-03   0.17488E-07   0.59998E-12
   0.57182E+07   0.99999E-03   0.17488E-07   0.59998E-12
   0.57182E+07   0.99999E-03   0.17488E-07   0.59998E-12
   0.57182E+07   0.99999E-03   0.17488E-07   0.59998E-12
   0.57182E+07   0.99999E-03   0.17488E-07   0.59998E-12
   0.57182E+07   0.99999E-03   0.17488E-07   0.59998E-12
   0.57182E+07   0.99999E-03   0.17488E-07   0.59998E-12
   0.57182E+07   0.99999E-03   0.17488E-07   0.59998E-12
   0.57182E+07   0.99999E-03   0.17488E-07   0.59998E-12
   0.57182E+07   0.99999E-03   0.17488E-07   0.59998E-12
   0.25697E+07   0.99999E-03   0.24777E-07   0.11047E-11
   0.25697E+07   0.99999E-03   0.24777E-07   0.11047E-11
   0.25697E+07   0.99999E-03   0.24777E-07   0.11047E-11
   0.25697E+07   0.99999E-03   0.24777E-07   0.11047E-11
   0.25697E+07   0.99999E-03   0.24777E-07   0.11047E-11
   0.25697E+07   0.99999E-03   0.24777E-07   0.11047E-11
   0.25697E+07   0.99999E-03   0.24777E-07   0.11047E-11
   0.25697E+07   0.99999E-03   0.24777E-07   0.11047E-11
   0.25697E+07   0.99999E-03   0.24777E-07   0.11047E-11
   0.25697E+07   0.99999E-03   0.24777E-07   0.11047E-11
   0.25697E+07   0.99999E-03   0.24777E-07   0.11047E-11
   0.25697E+07   0.99999E-03   0.24777E-07   0.11047E-11
   0.25697E+07   0.99999E-03   0.24777E-07   0.11047E-11
   0.25697E+07   0.99999E-03   0.24777E-07   0.11047E-11
   0.25697E+07   0.99999E-03   0.24777E-07   0.11047E-11
   0.25697E+07   0.99999E-03   0.24777E-07   0.11047E-11
   0.25697E+07   0.99999E-03   0.24777E-07   0.11047E-11
   0.25697E+07   0.99999E-03   0.24777E-07   0.11047E-11
   0.25697E+07   0.99999E-03   0.24777E-07   0.11047E-11
   0.25697E+07   0.99999E-03   0.24777E-07   0.11047E-11
   0.12120E+07   0.99999E-03   0.31985E-07   0.17298E-11
   0.12120E+07   0.99999E-03   0.31985E-07   0.17298E-11
   0.12120E+07   0.99999E-03   0.31985E-07   0.17298E-11
   0.12120E+07   0.99999E-03   0.31985E-07   0.17298E-11
   0.12120E+07   0.99999E-03   0.31985E-07   0.17298E-11
   0.12120E+07   0.99999E-03   0.31985E-07   0.17298E-11
   0.12120E+07   0.99999E-03   0.31985E-07   0.17298E-11
   0.12120E+07   0.99999E-03   0.31985E-07   0.17298E-11
   0.12120E+07   0.99999E-03   0.31985E-07   0.17298E-11
   0.12120E+07   0.99999E-03   0.31985E-07   0.17298E-11
   0.12120E+07   0.99999E-03   0.31985E-07   0.17298E-11
   0.12120E+07   0.99999E-03   0.31985E-07   0.17298E-11
   0.12120E+07   0.99999E-03   0.31985E-07   0.17298E-11
   0.12120E+07   0.99999E-03   0.31985E-07   0.17298E-11
   0.12120E+07   0.99999E-03   0.31985E-07   0.17298E-11
   0.12120E+07   0.99999E-03   0.31985E-07   0.17298E-11
   0.12120E+07   0.99999E-03   0.31985E-07   0.17298E-11
   0.12120E+07   0.99999E-03   0.31985E-07   0.17298E-11
   0.12120E+07   0.99999E-03   0.31985E-07   0.17298E-11
   0.12120E+07   0.99999E-03   0.31985E-07   0.17298E-11
